21.61 994.14
21.62 994.11
21.63 994.12
21.64 994.13
21.65 994.14
21.66 994.16
21.67 994.15
21.67 994.14
21.67 994.13
21.68 994.14
21.69 994.13
21.69 994.13
21.70 994.13
21.71 994.16
21.71 994.12
21.72 994.16
21.72 994.13
21.74 994.15
21.74 994.14
21.75 994.14
21.75 994.13
21.76 994.16
21.76 994.15
21.77 994.16
21.77 994.17
21.78 994.15
21.79 994.13
21.79 994.12
21.80 994.14
21.80 994.15
21.81 994.15
21.81 994.14
21.82 994.15
21.82 994.13
21.83 994.15
21.83 994.14
21.84 994.15
21.84 994.12
21.85 994.15
21.85 994.15
21.86 994.13
21.86 994.15
21.86 994.14
21.87 994.13
21.87 994.16
21.88 994.14
21.88 994.15
21.89 994.12
21.89 994.12
21.90 994.12
21.90 994.15
21.90 994.14
21.91 994.14
21.91 994.15
21.92 994.17
21.92 994.15
21.92 994.15
21.93 994.15
21.94 994.16
21.94 994.15
21.95 994.13
21.95 994.13
21.95 994.13
21.96 994.13
21.96 994.15
21.96 994.13
21.96 994.10
21.97 994.14
21.98 994.14
21.98 994.15
21.98 994.10
21.98 994.14
21.99 994.15
21.99 994.13
22.00 994.11
22.01 994.11
22.01 994.17
22.01 994.14
22.02 994.14
22.02 994.12
22.03 994.13
22.03 994.11
22.03 994.12
22.03 994.13
22.04 994.11
22.04 994.13
22.05 994.12
22.05 994.13
22.05 994.12
22.05 994.10
22.06 994.10
22.06 994.09
22.06 994.11
22.07 994.10
22.07 994.11
22.07 994.12
22.08 994.15
22.08 994.11
22.09 994.10
22.09 994.12
22.09 994.14
22.10 994.13
22.10 994.14
22.10 994.12
22.11 994.14
22.11 994.11
22.11 994.13
22.12 994.11
22.12 994.13
22.12 994.14
22.13 994.12
22.13 994.12
22.13 994.10
22.13 994.09
22.13 994.10
22.13 994.09
22.13 994.08
22.15 994.11
22.15 994.10
22.16 994.11
22.16 994.09
22.16 994.11
22.16 994.08
22.17 994.10
22.17 994.11
22.17 994.13
22.17 994.15
22.18 994.14
22.18 994.13
22.18 994.10
22.18 994.12
22.19 994.08
22.19 994.14
22.19 994.14
22.20 994.12
22.20 994.12
22.20 994.11
22.21 994.11
22.21 994.11
22.21 994.10
22.21 994.10
22.22 994.12
22.22 994.10
22.22 994.11
22.22 994.12
22.23 994.14
22.23 994.14
22.23 994.11
22.23 994.15
22.23 994.08
22.24 994.10
22.24 994.11
22.24 994.11
22.25 994.09
22.25 994.10
22.26 994.10
22.25 994.07
22.26 994.12
22.26 994.09
22.26 994.11
22.26 994.10
22.27 994.12
22.27 994.09
22.27 994.09
22.28 994.09
22.29 994.08
22.29 994.07
22.29 994.08
22.29 994.08
22.29 994.04
22.30 994.12
22.30 994.08
22.30 994.10
22.31 994.09
22.31 994.13
22.31 994.10
22.31 994.09
22.31 994.11
22.32 994.10
22.32 994.09
22.32 994.11
22.33 994.09
22.33 994.10
22.33 994.11
22.33 994.10
22.34 994.13
22.34 994.11
22.34 994.09
22.33 994.05
22.34 994.11
22.34 994.07
22.34 994.12
22.35 994.10
22.34 994.06
22.35 994.07
22.35 994.08
22.35 994.07
22.36 994.09
22.36 994.11
22.36 994.10
22.37 994.08
22.37 994.08
22.37 994.08
22.37 994.08
22.38 994.09
22.37 994.06
22.37 994.03
22.38 994.08
22.38 994.08
22.39 994.10
22.39 994.09
22.39 994.07
22.39 994.08
22.39 994.09
22.40 994.10
22.40 994.08
22.41 994.11
22.41 994.10
22.41 994.07
22.41 994.07
22.42 994.07
22.42 994.07
22.42 994.07
22.42 994.07
22.42 994.06
22.42 994.06
22.43 994.09
22.44 994.06
22.43 994.07
22.44 994.07
22.44 994.08
22.44 994.07
22.44 994.11
22.44 994.11
22.44 994.10
22.45 994.09
22.45 994.09
22.45 994.08
22.45 994.09
22.46 994.08
22.46 994.08
22.46 994.11
22.47 994.11
22.46 994.09
22.47 994.10
22.47 994.11
22.47 994.09
22.47 994.11
22.48 994.09
22.48 994.08
22.48 994.09
22.48 994.08
22.48 994.10
22.49 994.10
22.49 994.08
22.49 994.09
22.49 994.07
22.50 994.11
22.50 994.08
22.50 994.10
22.50 994.09
22.50 994.10
22.50 994.11
22.50 994.08
22.50 994.06
22.51 994.13
22.51 994.07
22.51 994.08
22.51 994.07
22.52 994.10
22.52 994.12
22.52 994.11
22.53 994.13
22.53 994.10
22.53 994.10
22.53 994.09
22.53 994.09
22.53 994.10
22.54 994.09
22.54 994.09
22.54 994.07
22.55 994.09
22.55 994.10
22.55 994.07
22.55 994.08
22.55 994.08
22.55 994.10
22.55 994.07
22.56 994.10
22.56 994.08
22.56 994.09
22.56 994.06
22.56 994.08
22.57 994.10
22.57 994.09
22.57 994.08
22.57 994.09
22.57 994.10
22.58 994.06
22.58 994.10
22.58 994.06
22.58 994.09
22.58 994.05
22.58 994.11
22.58 994.07
22.59 994.11
22.59 994.08
22.60 994.09
22.60 994.12
22.60 994.11
22.60 994.08
22.60 994.07
22.61 994.07
22.61 994.11
22.61 994.09
22.61 994.09
22.62 994.10
22.61 994.09
22.62 994.06
22.62 994.09
22.62 994.11
22.63 994.12
22.62 994.09
22.62 994.09
22.63 994.10
22.63 994.11
22.63 994.09
22.64 994.08
22.64 994.08
22.64 994.09
22.64 994.09
22.64 994.08
22.64 994.09
22.64 994.10
22.65 994.11
22.65 994.09
22.65 994.07
22.65 994.08
22.65 994.10
22.65 994.10
22.66 994.10
22.66 994.09
22.66 994.06
22.66 994.06
22.66 994.09
22.66 994.08
22.66 994.07
22.66 994.09
22.67 994.07
22.67 994.08
22.67 994.08
22.67 994.09
22.68 994.05
22.67 994.07
22.68 994.10
22.68 994.09
22.68 994.08
22.68 994.06
22.69 994.09
22.69 994.10
22.69 994.08
22.70 994.11
22.69 994.06
22.70 994.10
22.70 994.11
22.70 994.09
22.70 994.09
22.71 994.12
22.70 994.10
22.71 994.13
22.71 994.08
22.71 994.10
22.71 994.10
22.72 994.10
22.72 994.11
22.72 994.09
22.72 994.10
22.72 994.09
22.72 994.10
22.73 994.08
22.73 994.12
22.73 994.11
22.73 994.13
22.73 994.11
22.73 994.07
22.73 994.10
22.74 994.10
22.73 994.07
22.73 994.09
22.74 994.09
22.74 994.09
22.74 994.09
22.74 994.09
22.75 994.08
22.75 994.10
22.75 994.08
22.75 994.06
22.75 994.07
22.75 994.08
22.76 994.08
22.76 994.09
22.76 994.09
22.76 994.09
22.76 994.10
22.76 994.06
22.76 994.09
22.77 994.11
22.77 994.07
22.77 994.08
22.77 994.09
22.77 994.08
22.78 994.12
22.78 994.09
22.78 994.10
22.78 994.05
22.78 994.05
22.78 994.08
22.78 994.07
22.79 994.06
22.79 994.05
22.79 994.05
22.78 994.03
22.79 994.07
22.79 994.05
22.80 994.06
22.80 994.05
22.80 994.08
22.80 994.10
22.81 994.12
22.81 994.08
22.81 994.05
22.81 994.08
22.81 994.10
22.81 994.08
22.81 994.08
22.81 994.09
22.81 994.09
22.82 994.06
22.82 994.05
22.82 994.05
22.82 994.06
22.82 994.09
22.82 994.06
22.83 994.05
22.83 994.06
22.83 994.05
22.83 994.07
22.83 994.06
22.83 994.06
22.83 994.07
22.84 994.08
22.84 994.07
22.84 994.09
22.84 994.08
22.84 994.03
22.84 994.08
22.84 994.03
22.85 994.05
22.85 994.07
22.85 994.09
22.85 994.07
22.85 994.08
22.85 994.08
22.85 994.07
22.86 994.08
22.86 994.05
22.86 994.07
22.86 994.04
22.87 994.08
22.86 994.05
22.86 994.08
22.87 994.06
22.87 994.04
22.87 994.07
22.87 994.05
22.87 994.07
22.87 994.02
22.87 994.07
22.88 994.06
22.88 994.04
22.88 994.08
22.88 994.04
22.89 994.05
22.89 994.06
22.88 994.02
22.89 994.04
22.89 994.05
22.89 994.05
22.89 994.06
22.89 994.02
22.90 994.03
22.90 994.04
22.90 994.05
22.90 994.05
22.90 994.03
22.90 994.05
22.90 994.04
22.91 994.02
22.91 994.05
22.91 994.05
22.91 994.04
22.91 994.02
22.91 994.05
22.92 994.03
22.92 994.05
22.92 994.05
22.92 994.04
22.92 994.04
22.93 994.06
22.93 994.05
22.93 994.06
22.93 994.07
22.93 994.04
22.93 994.06
22.94 994.06
22.94 994.07
22.94 994.05
22.95 994.06
22.95 994.08
22.94 994.05
22.95 994.07
22.94 994.06
22.95 994.05
22.95 994.07
22.96 994.03
22.96 994.05
22.96 994.03
22.96 994.04
22.96 994.05
22.96 994.04
22.96 994.06
22.96 994.04
22.96 994.03
22.96 994.05
22.96 994.06
22.97 994.03
22.97 994.04
22.97 994.03
22.97 994.02
22.97 994.01
22.97 994.04
22.98 994.05
22.98 994.03
22.98 994.02
22.99 994.07
22.99 994.07
22.99 994.04
22.99 994.03
22.99 994.04
22.99 994.04
22.99 994.08
22.99 994.06
23.00 994.02
23.00 994.06
23.00 994.05
23.00 994.05
23.00 994.04
23.00 994.05
23.00 994.05
23.01 994.07
23.01 994.05
23.01 994.05
23.01 994.07
23.01 994.07
23.02 994.05
23.02 994.04
23.02 994.07
23.02 994.05
23.02 994.06
23.02 994.01
23.03 994.05
23.03 994.03
23.03 994.02
23.04 994.05
23.03 994.04
23.03 994.02
23.04 994.03
23.04 994.04
23.04 994.02
23.04 994.04
23.04 994.03
23.04 994.03
23.04 994.05
23.05 994.03
23.05 994.02
23.05 994.03
23.05 994.03
23.05 994.06
23.05 994.08
23.05 994.05
23.06 994.05
23.06 994.03
23.06 994.05
23.06 994.07
23.06 994.04
23.06 994.03
23.06 994.04
23.07 994.05
23.07 994.03
23.07 994.04
23.07 994.02
23.07 994.03
23.08 994.08
23.07 993.99
23.08 994.07
23.08 994.02
23.08 994.03
23.08 993.99
23.08 994.00
23.08 994.00
23.09 994.03
23.08 994.01
23.09 994.01
23.09 993.99
23.09 994.01
23.09 993.99
23.09 993.99
23.09 993.96
23.09 993.96
23.09 993.99
23.10 993.96
23.10 993.99
23.10 993.96
23.10 993.97
23.10 993.95
23.10 993.96
23.10 993.94
23.10 993.96
23.10 993.96
23.10 993.98
23.10 993.96
23.10 993.96
23.10 993.94
23.11 993.97
23.10 994.00
23.11 993.98
23.11 993.97
