47.20
47.20
47.20
47.20
47.20
47.20
47.20
47.20
47.20
47.20
47.20
47.20
47.20
46.30
46.30
46.30
46.30
46.30
46.30
46.30
46.30
46.30
46.30
46.30
46.30
46.30
46.20
46.20
46.20
46.20
46.20
46.20
46.20
46.20
46.20
46.20
46.20
46.20
46.20
46.20
46.20
46.20
46.20
46.20
46.20
46.20
46.20
46.20
46.20
46.20
46.20
46.20
46.20
46.20
46.20
46.20
46.20
46.20
46.20
46.20
46.20
46.20
46.20
46.20
46.20
46.20
46.10
46.10
46.10
46.10
46.10
46.10
46.10
46.10
46.10
46.10
46.10
46.10
46.10
46.00
46.00
46.00
46.00
46.00
46.00
46.00
46.00
46.00
46.00
46.00
46.00
46.00
45.90
45.90
45.90
45.90
45.90
45.90
45.90
45.90
45.90
45.90
45.90
45.90
45.90
45.70
45.70
45.70
45.70
45.70
45.70
45.70
45.70
45.70
45.70
45.70
45.70
45.70
45.50
45.50
45.50
45.50
45.50
45.50
45.50
45.50
45.50
45.50
45.50
45.50
45.50
45.50
45.40
45.40
45.40
45.40
45.40
45.40
45.40
45.40
45.40
45.40
45.40
45.40
45.40
45.20
45.20
45.20
45.20
45.20
45.20
45.20
45.20
45.20
45.20
45.20
45.20
45.20
45.20
45.20
45.20
45.20
45.20
45.20
45.20
45.20
45.20
45.20
45.20
45.20
45.20
45.20
45.10
45.10
45.10
45.10
45.10
45.10
45.10
45.10
45.10
45.10
45.10
45.10
45.10
45.10
45.10
45.10
45.10
45.10
45.10
45.10
45.10
45.10
45.10
45.10
45.10
45.10
45.10
45.10
45.10
45.10
45.10
45.10
45.10
45.10
45.10
45.10
45.10
45.10
45.10
45.10
45.10
45.10
45.10
45.10
45.10
45.10
45.10
45.10
45.10
45.10
45.10
45.10
45.10
45.10
45.10
45.10
45.10
45.10
45.10
45.10
45.10
45.10
45.10
45.10
45.10
45.10
45.10
45.00
45.00
45.00
45.00
45.00
45.00
45.00
45.00
45.00
45.00
45.00
45.00
45.00
45.00
45.00
45.00
45.00
45.00
45.00
45.00
45.00
45.00
45.00
45.00
45.00
45.00
45.00
45.00
45.00
45.00
45.00
45.00
45.00
45.00
45.00
45.00
45.00
45.00
45.00
45.00
44.90
44.90
44.90
44.90
44.90
44.90
44.90
44.90
44.90
44.90
44.90
44.90
44.90
44.80
44.80
44.80
44.80
44.80
44.80
44.80
44.80
44.80
44.80
44.80
44.80
44.80
44.60
44.60
44.60
44.60
44.60
44.60
44.60
44.60
44.60
44.60
44.60
44.60
44.60
44.40
44.40
44.40
44.40
44.40
44.40
44.40
44.40
44.40
44.40
44.40
44.40
44.40
44.30
44.30
44.30
44.30
44.30
44.30
44.30
44.30
44.30
44.30
44.30
44.30
44.30
44.30
44.30
44.30
44.30
44.30
44.30
44.30
44.30
44.30
44.30
44.30
44.30
44.30
44.30
44.20
44.20
44.20
44.20
44.20
44.20
44.20
44.20
44.20
44.20
44.20
44.20
44.20
44.30
44.30
44.30
44.30
44.30
44.30
44.30
44.30
44.30
44.30
44.30
44.30
44.30
44.20
44.20
44.20
44.20
44.20
44.20
44.20
44.20
44.20
44.20
44.20
44.20
44.20
44.20
44.20
44.20
44.20
44.20
44.20
44.20
44.20
44.20
44.20
44.20
44.20
44.20
44.30
44.30
44.30
44.30
44.30
44.30
44.30
44.30
44.30
44.30
44.30
44.30
44.30
44.30
44.30
44.30
44.30
44.30
44.30
44.30
44.30
44.30
44.30
44.30
44.30
44.30
44.30
44.30
44.30
44.30
44.30
44.30
44.30
44.30
44.30
44.30
44.30
44.30
44.30
44.40
44.40
44.40
44.40
44.40
44.40
44.40
44.40
44.40
44.40
44.40
44.40
44.40
44.40
44.40
44.40
44.40
44.40
44.40
44.40
44.40
44.40
44.40
44.40
44.40
44.40
44.40
44.40
44.40
44.40
44.40
44.40
44.40
44.40
44.40
44.40
44.40
44.40
44.40
44.40
44.40
44.40
44.40
44.40
44.40
44.40
44.40
44.40
44.40
44.40
44.40
44.40
44.40
44.40
44.40
44.40
44.40
44.40
44.40
44.40
44.40
44.40
44.40
44.40
44.40
44.40
44.30
44.30
44.30
44.30
44.30
44.30
44.30
44.30
44.30
44.30
44.30
44.30
44.30
44.30
44.30
44.30
44.30
44.30
44.30
44.30
44.30
44.30
44.30
44.30
44.30
44.30
44.30
44.30
44.40
44.40
44.40
44.40
44.40
44.40
44.40
44.40
44.40
44.30
44.30
44.30
44.30
44.30
44.30
44.30
44.30
44.30
44.30
44.30
44.30
44.30
44.30
44.30
44.30
44.30
44.30
44.30
44.30
44.30
44.30
44.30
44.30
44.30
44.30
44.20
44.20
44.20
44.20
44.20
44.20
44.20
44.20
44.20
44.20
44.20
44.20
44.20
44.20
44.20
44.20
44.20
44.20
44.20
44.20
44.20
44.20
44.20
44.20
44.20
44.20
44.10
44.10
44.10
44.10
44.10
44.10
44.10
44.10
44.10
44.10
44.10
44.10
44.10
44.10
44.10
44.10
44.10
44.10
44.10
44.10
44.10
44.10
44.10
44.10
44.10
44.10
44.20
44.20
44.20
44.20
44.20
44.20
44.20
59.40
59.40
59.40
59.40
59.40
59.40
59.40
59.40
59.40
59.40
59.40
59.40
59.40
60.50
60.50
60.50
60.50
60.50
60.50
60.50
60.50
60.50
60.50
60.50
60.50
60.50
60.80
60.80
60.80
60.80
60.80
60.80
60.80
60.80
60.80
60.80
60.80
60.80
60.80
60.80
60.80
60.80
60.80
60.80
60.80
60.80
60.80
60.80
60.80
60.80
60.80
60.80
60.80
60.80
60.80
60.80
60.80
60.80
60.80
60.80
60.80
60.80
60.80
60.80
60.80
61.20
61.20
61.20
61.20
61.20
61.20
61.20
61.20
61.20
61.20
61.20
61.20
61.20
61.90
61.90
61.90
61.90
61.90
61.90
61.90
61.90
61.90
61.90
61.90
61.90
61.90
62.10
62.10
62.10
62.10
62.10
62.10
62.10
62.10
62.10
62.10
62.10
62.10
62.10
62.30
62.30
62.30
62.30
62.30
62.30
62.30
62.30
62.30
62.30
62.30
62.30
62.30
62.10
62.10
62.10
62.10
62.10
62.10
62.10
62.10
62.10
62.10
62.10
62.10
62.10
62.30
62.30
62.30
62.30
62.30
62.30
62.30
62.30
62.30
62.30
62.30
62.30
62.30
62.90
62.90
62.90
62.90
62.90
62.90
62.90
62.90
62.90
62.90
62.90
62.90
62.90
63.60
63.60
63.60
63.60
63.60
63.60
63.60
63.60
63.60
63.60
63.60
63.60
63.60
64.10
64.10
64.10
64.10
64.10
64.10
64.10
64.10
64.10
64.10
64.10
64.10
64.10
64.20
64.20
64.20
64.20
64.20
64.20
64.20
64.20
64.20
64.20
64.20
64.20
64.20
64.50
64.50
64.50
64.50
64.50
64.50
64.50
64.50
64.50
64.50
64.50
64.50
64.50
64.60
64.60
64.60
64.60
64.60
64.60
64.60
64.60
64.60
64.60
64.60
64.60
64.60
64.60
64.60
64.60
64.60
64.60
64.60
64.60
64.60
64.60
64.60
64.60
64.60
64.60
64.20
64.20
64.20
64.20
64.20
64.20
64.20
64.20
64.20
64.20
64.20
64.20
64.20
64.40
64.40
64.40
64.40
64.40
64.40
64.40
64.40
64.40
64.40
64.40
64.40
64.40
64.80
64.80
64.80
64.80
64.80
64.80
64.80
64.80
65.10
65.10
65.10
65.10
65.10
65.10
65.10
65.10
65.10
65.10
65.10
65.10
65.10
65.30
65.30
65.30
65.30
65.30
65.30
65.30
65.30
65.30
65.30
65.30
65.30
65.30
65.50
65.50
65.50
65.50
65.50
65.50
65.50
65.50
65.50
65.50
65.50
65.50
65.50
65.60
65.60
65.60
65.60
65.60
65.60
65.60
65.60
65.60
65.60
65.60
65.60
65.60
65.60
65.60
65.60
65.60
65.60
65.60
65.60
65.60
65.60
65.60
65.60
65.60
65.60
65.70
65.70
65.70
65.70
53.70
53.70
53.70
53.70
53.70
53.70
53.70
53.70
53.70
53.70
53.70
53.70
53.70
53.70
55.70
55.70
55.70
55.70
55.70
55.70
55.70
55.70
55.70
55.70
55.70
55.70
55.70
56.00
56.00
56.00
56.00
56.00
56.00
56.00
56.00
56.00
56.00
56.00
56.00
56.00
56.00
56.00
56.00
56.00
56.00
56.00
56.00
56.00
56.00
56.00
56.00
56.00
56.00
55.70
55.70
55.70
55.70
55.70
55.70
55.70
55.70
55.70
55.70
55.70
55.70
55.70
55.90
55.90
55.90
55.90
55.90
55.90
55.90
55.90
55.90
55.90
55.90
55.90
55.90
57.10
57.10
57.10
57.10
57.10
57.10
57.10
57.10
57.10
57.10
57.10
57.10
57.10
58.60
58.60
58.60
58.60
58.60
58.60
58.60
58.60
58.60
58.60
58.60
58.60
58.60
60.00
60.00
60.00
60.00
60.00
60.00
60.00
60.00
60.00
60.00
60.00
61.50
61.50
61.50
61.50
61.50
61.50
61.50
61.50
61.50
61.50
61.50
61.50
61.50
63.00
63.00
63.00
63.00
63.00
63.00
63.00
63.00
63.00
63.00
63.00
63.00
63.00
65.00
65.00
65.00
65.00
65.00
65.00
65.00
65.00
65.00
65.00
65.00
65.00
65.00
65.50
65.50
65.50
65.50
65.50
65.50
65.50
65.50
65.50
65.50
65.50
65.50
65.50
65.80
65.80
65.80
65.80
65.80
65.80
65.80
65.80
65.80
65.80
65.80
65.80
65.80
65.90
65.90
65.90
65.90
65.90
65.90
65.90
65.90
65.90
65.90
65.90
65.90
65.90
65.50
65.50
65.50
65.50
65.50
65.50
65.50
65.50
65.50
65.50
65.50
65.50
65.50
65.20
65.20
65.20
65.20
65.20
65.20
65.20
65.20
65.20
65.20
65.20
65.20
65.20
47.30
47.30
47.30
47.30
47.30
47.30
47.30
47.30
47.30
47.30
47.30
47.30
47.30
47.90
47.90
47.90
47.90
47.90
47.90
47.90
47.90
47.90
47.90
47.90
47.90
47.90
47.50
47.50
47.50
47.50
47.50
47.50
47.50
47.50
47.50
47.50
47.50
47.50
47.50
46.80
46.80
46.80
46.80
46.80
46.80
46.80
46.80
46.80
46.80
46.80
46.80
46.80
46.00
46.00
46.00
46.00
46.00
46.00
46.00
46.00
46.00
46.00
46.00
46.00
46.00
45.20
45.20
45.20
45.20
45.20
45.20
45.20
45.20
45.20
45.20
45.20
45.20
45.20
44.50
44.50
44.50
44.50
44.50
44.50
44.50
44.50
44.50
44.50
44.50
44.50
44.50
43.90
43.90
43.90
43.90
43.90
43.90
43.90
43.90
43.90
43.90
43.90
43.90
43.90
43.40
43.40
43.40
43.40
43.40
43.40
43.40
43.40
43.40
43.40
43.40
43.40
43.40
43.00
43.00
43.00
43.00
43.00
43.00
43.00
43.00
43.00
43.00
43.00
43.00
43.00
42.50
42.50
42.50
42.50
42.50
42.50
42.50
42.50
42.50
42.50
42.50
42.50
42.50
42.10
42.10
42.10
42.10
42.10
42.10
42.10
42.10
42.10
42.10
42.10
42.10
42.10
41.60
41.60
41.60
41.60
41.60
41.60
41.60
41.60
41.60
41.60
41.60
41.60
41.60
41.20
41.20
41.20
41.20
41.20
41.20
41.20
41.20
41.20
41.20
41.20
41.20
41.20
40.90
40.90
40.90
40.90
40.90
40.90
40.90
40.90
40.90
40.90
40.90
40.90
40.90
40.60
40.60
40.60
40.60
40.60
40.60
40.60
40.60
40.60
40.60
40.60
40.60
40.60
40.40
40.40
40.40
40.40
40.40
40.40
40.40
40.40
40.40
40.40
40.40
40.40
40.40
40.20
40.20
40.20
40.20
40.20
40.20
40.20
40.20
40.20
40.20
40.20
40.20
40.20
40.10
40.10
40.10
40.10
40.10
40.10
40.10
40.10
40.10
40.10
40.10
40.10
40.10
40.10
40.10
40.10
40.10
40.10
40.10
40.10
40.10
40.10
40.10
40.00
40.00
40.00
40.00
40.00
40.00
40.00
40.00
40.00
40.00
40.00
40.00
40.00
40.00
40.00
40.00
40.00
40.00
40.00
40.00
40.00
40.00
40.00
40.00
40.00
40.00
40.00
40.00
40.00
40.00
40.00
40.00
40.00
40.00
40.00
40.00
40.00
40.00
40.00
40.00
40.00
40.00
40.00
40.00
40.00
40.00
40.00
40.00
40.00
40.00
40.00
40.00
40.00
40.00
40.00
40.00
40.00
40.00
40.00
40.00
40.00
40.00
40.00
40.00
40.00
40.00
40.00
40.00
40.00
40.00
40.00
40.00
40.00
40.00
40.00
40.00
40.00
40.00
39.90
39.90
39.90
39.90
39.90
39.90
39.90
39.90
39.90
39.90
39.90
39.90
39.90
39.80
39.80
39.80
39.80
39.80
39.80
39.80
39.80
39.80
39.80
39.80
39.80
39.80
39.80
39.80
39.80
39.80
39.80
39.80
39.80
39.80
39.80
39.80
39.80
39.80
39.80
39.70
39.70
39.70
39.70
39.70
39.70
39.70
39.70
39.70
39.70
39.70
39.70
39.70
39.70
39.70
39.70
39.70
39.70
39.70
39.70
39.70
39.70
39.70
39.70
39.70
39.70
39.60
39.60
39.60
39.60
39.60
39.60
39.60
39.60
39.60
39.60
39.60
39.60
39.60
39.60
39.60
39.60
39.60
39.60
39.60
39.60
39.60
39.60
39.60
39.60
39.60
39.60
39.50
39.50
39.50
39.50
39.50
39.50
39.50
39.50
39.50
39.50
39.50
39.50
39.50
39.50
39.50
39.50
39.50
39.50
39.50
39.50
39.50
39.50
39.50
39.50
39.50
39.50
39.50
39.50
39.50
39.50
39.50
39.50
39.50
39.50
39.50
39.50
39.50
39.50
39.50
39.40
39.40
39.40
39.40
39.40
39.40
39.40
39.40
39.40
39.40
39.40
39.40
39.40
39.30
39.30
39.30
39.30
39.30
39.30
39.30
39.30
39.30
39.30
39.30
39.30
39.30
39.30
39.30
39.30
39.30
39.30
39.30
39.30
39.30
39.30
39.30
39.30
39.30
39.30
39.20
39.20
39.20
39.20
39.20
39.20
39.20
39.20
39.20
39.20
39.20
39.20
39.20
39.20
39.20
39.20
39.20
39.20
39.20
39.20
39.20
39.20
39.20
39.20
39.20
39.20
39.10
39.10
39.10
39.10
39.10
39.10
39.10
39.10
37.70
37.70
37.70
37.70
37.70
37.70
37.70
37.70
37.70
37.70
37.70
37.70
37.70
39.00
39.00
39.00
39.00
39.00
39.00
39.00
39.00
39.00
39.00
39.00
39.00
39.00
39.10
39.10
39.10
39.10
39.10
39.10
39.10
39.10
39.10
39.10
39.10
39.10
39.10
39.00
39.00
39.00
39.00
39.00
39.00
39.00
39.00
39.00
39.00
39.00
39.00
39.00
38.90
38.90
38.90
38.90
38.90
38.90
38.90
38.90
38.90
38.90
38.90
38.90
38.90
38.70
38.70
38.70
38.70
38.70
38.70
38.70
38.70
38.70
38.70
38.70
38.70
38.70
38.50
38.50
38.50
38.50
38.50
38.50
38.50
38.50
38.50
38.50
38.50
38.50
38.50
38.40
38.40
38.40
38.40
38.40
38.40
38.40
38.40
38.40
38.40
38.40
38.40
38.40
38.30
38.30
38.30
38.30
38.30
38.30
38.30
38.30
38.30
38.30
38.30
38.30
38.30
38.20
38.20
38.20
38.20
38.20
38.20
38.20
38.20
38.20
38.20
38.20
38.20
38.20
38.50
38.50
38.50
38.50
38.50
38.20
38.20
38.20
38.20
38.20
38.20
38.20
38.20
38.20
38.20
38.20
38.20
38.20
38.30
38.30
38.30
38.30
38.30
38.30
38.30
38.30
38.30
38.30
38.30
38.30
38.30
38.20
38.20
38.20
38.20
38.20
38.20
38.20
38.20
38.20
38.20
38.20
38.20
38.20
38.10
38.00
38.00
38.00
38.00
38.00
38.00
38.00
38.00
38.00
38.00
38.00
38.00
38.00
35.60
35.60
35.60
35.60
35.60
35.60
35.60
35.60
35.60
35.60
35.60
35.60
35.60
35.60
35.60
35.60
35.60
35.60
35.60
35.60
35.60
35.60
35.60
35.60
35.60
35.60
35.60
35.60
35.60
35.60
35.60
35.60
35.60
35.60
35.60
35.60
35.60
35.60
35.60
35.50
35.50
35.50
35.50
35.50
35.50
35.50
35.50
35.50
35.50
35.50
35.50
35.50
35.50
35.50
35.50
35.50
35.50
35.50
35.50
35.50
35.50
35.50
35.50
35.50
35.50
35.50
35.50
35.50
35.50
35.50
35.50
35.50
35.50
35.50
35.50
35.50
35.50
35.50
35.50
35.50
35.50
35.50
35.50
35.50
35.50
35.50
35.50
35.50
35.50
35.50
35.50
35.40
35.40
35.40
35.40
35.40
35.40
35.40
35.40
35.40
35.40
35.40
35.40
35.40
35.40
35.40
35.40
35.40
35.40
35.40
35.40
35.40
35.40
35.40
35.40
35.40
35.40
35.40
35.40
35.40
35.40
35.40
35.40
35.40
35.40
35.40
35.40
35.40
35.40
35.40
35.30
35.30
35.30
35.30
35.30
35.30
35.30
35.30
35.30
35.30
35.30
35.30
35.30
35.30
35.30
35.30
35.30
35.30
35.30
35.30
35.30
35.30
35.30
35.30
35.30
35.30
35.30
35.30
35.30
35.30
35.30
35.30
35.30
35.30
35.30
35.30
35.30
35.30
35.30
35.20
35.20
35.20
35.20
35.20
35.20
35.20
35.20
35.20
35.20
35.20
35.20
35.20
35.20
35.20
35.20
35.20
35.20
35.20
35.20
35.20
35.20
35.20
35.20
35.20
35.20
35.10
35.10
35.10
35.10
35.10
35.10
35.10
35.10
35.10
35.10
35.10
35.10
35.10
35.10
35.10
35.10
35.10
35.10
35.10
35.10
35.10
35.10
35.10
35.10
35.10
35.10
35.10
35.10
35.10
35.10
35.10
35.10
35.10
35.10
35.10
35.10
35.10
35.10
35.10
35.10
35.10
35.10
35.10
35.10
35.10
35.10
35.10
35.10
35.10
35.10
35.00
35.00
35.00
35.00
35.00
35.00
35.00
35.00
35.00
35.00
35.00
35.00
35.00
35.00
35.00
35.00
35.00
35.00
35.00
35.00
35.00
35.00
35.00
35.00
35.00
35.00
35.00
35.00
35.00
35.00
35.00
35.00
35.00
35.00
35.00
35.00
35.00
35.00
35.00
35.00
35.00
35.00
35.00
35.00
35.00
35.00
35.00
35.00
35.00
35.00
35.00
35.00
34.90
34.90
34.90
34.90
34.90
34.90
34.90
34.90
34.90
34.90
34.90
34.90
34.90
34.90
34.90
34.90
34.90
34.90
34.90
34.90
34.90
34.90
34.90
34.90
34.90
34.90
34.80
34.80
34.80
34.80
34.80
34.80
34.80
34.80
34.80
34.80
34.80
34.80
34.80
34.80
34.80
34.80
34.80
34.80
34.80
34.80
34.80
34.80
34.80
34.80
34.80
34.80
34.70
34.70
34.70
34.70
34.70
34.70
34.70
34.70
34.70
34.70
34.70
34.70
34.70
34.70
34.70
34.70
34.70
34.70
34.70
34.70
34.70
34.70
34.70
34.70
34.70
34.70
34.60
34.60
34.60
34.60
34.60
34.60
34.60
34.60
34.60
34.60
34.60
34.60
34.60
34.60
34.60
34.60
34.60
34.60
34.60
34.60
34.60
34.60
34.60
34.60
34.60
34.60
34.60
34.60
34.60
34.60
34.60
34.60
34.60
34.60
34.60
34.60
34.60
34.60
34.60
34.50
34.50
34.50
34.50
34.50
34.50
34.50
34.50
34.50
34.50
34.50
34.50
34.50
34.40
34.40
34.40
34.40
34.40
34.40
34.40
34.40
34.40
34.40
34.40
34.40
34.40
34.30
34.30
34.30
34.30
34.30
34.30
34.30
34.30
34.30
34.30
34.30
34.30
34.30
34.30
34.30
34.30
34.30
34.30
34.30
34.30
34.30
34.30
34.30
34.30
34.30
34.30
34.20
34.20
34.20
34.20
34.20
34.20
34.20
34.20
34.20
34.20
34.20
34.20
34.20
34.10
34.10
34.10
34.10
34.10
34.10
34.10
34.10
34.10
34.10
34.10
34.10
34.10
34.00
34.00
34.00
34.00
34.00
34.00
34.00
34.00
34.00
34.00
34.00
34.00
34.00
34.00
34.00
34.00
34.00
34.00
34.00
34.00
34.00
34.00
34.00
34.00
34.00
34.00
34.00
34.00
34.00
34.00
34.00
34.00
34.00
34.00
34.00
34.00
34.00
34.00
34.00
33.90
33.90
33.90
33.90
33.90
33.90
33.90
33.90
33.90
33.90
33.90
33.90
33.90
33.90
33.90
33.90
33.90
33.90
33.90
33.90
33.90
33.90
33.90
33.90
33.90
33.90
33.80
33.80
33.80
33.80
33.80
33.80
33.80
33.80
33.80
33.80
33.80
33.80
33.80
33.70
33.70
33.70
33.70
33.70
33.70
33.70
33.70
33.70
33.70
33.70
33.70
33.70
33.70
33.70
33.70
33.70
33.70
33.70
33.70
33.70
33.70
33.70
33.70
33.70
33.70
33.60
33.60
33.60
33.60
33.60
33.60
33.60
33.60
33.60
33.60
33.60
33.60
33.60
33.60
33.60
33.60
33.60
33.60
33.60
33.60
33.60
33.60
33.60
33.60
33.60
33.60
33.50
33.50
33.50
33.50
33.50
33.50
33.50
33.50
33.50
33.50
33.50
33.50
33.50
33.40
33.40
33.40
33.40
33.40
33.40
33.40
33.40
33.40
33.40
33.40
33.40
33.40
33.30
33.30
33.30
33.30
33.30
33.30
33.30
33.30
33.30
33.30
33.30
33.30
33.30
33.20
33.20
33.20
33.20
33.20
33.20
33.20
33.20
33.20
33.20
33.20
33.20
33.20
33.20
33.20
33.20
33.20
33.20
33.20
33.20
33.20
33.20
33.20
33.20
33.20
33.20
33.10
33.10
33.10
33.10
33.10
33.10
33.10
33.10
33.10
33.10
33.10
33.10
33.10
33.00
33.00
33.00
33.00
33.00
33.00
33.00
33.00
33.00
33.00
33.00
33.00
33.00
32.90
32.90
32.90
32.90
32.90
32.90
32.90
32.90
32.90
32.90
32.90
32.90
32.90
32.90
32.90
32.90
32.90
32.90
32.90
32.90
32.90
32.90
32.90
32.90
32.90
32.90
32.80
32.80
32.80
32.80
32.80
32.80
32.80
32.80
32.80
32.80
32.80
32.80
32.80
32.70
32.70
32.70
32.70
32.70
32.70
32.70
32.70
32.70
32.70
32.70
32.70
32.70
32.70
32.70
32.70
32.70
32.70
32.70
32.70
32.70
32.70
32.70
32.70
32.70
32.70
32.60
32.60
32.60
32.60
32.60
32.60
32.60
32.60
32.60
32.60
32.60
32.60
32.60
32.50
32.50
32.50
32.50
32.50
32.50
32.50
32.50
32.50
32.50
32.50
32.50
32.50
32.40
32.40
32.40
32.40
32.40
32.40
32.40
32.40
32.40
32.40
32.40
32.40
32.40
32.30
32.30
32.30
32.30
32.30
32.30
32.30
32.30
32.30
32.30
32.30
32.30
32.30
32.20
32.20
32.20
32.20
32.20
32.20
32.20
32.20
32.20
32.20
32.20
32.20
32.20
32.10
32.10
32.10
32.10
32.10
32.10
32.10
32.10
32.10
32.10
32.10
32.10
32.10
32.00
32.00
32.00
32.00
32.00
32.00
32.00
32.00
32.00
32.00
32.00
32.00
32.00
31.90
31.90
31.90
31.90
31.90
31.90
31.90
31.90
31.90
31.90
31.90
31.90
31.90
31.80
31.80
31.80
31.80
31.80
31.80
31.80
31.80
31.80
31.80
31.80
31.80
31.80
31.80
31.80
31.80
31.80
31.80
31.80
31.80
31.80
31.80
31.80
31.80
31.80
31.80
31.70
31.70
31.70
31.70
31.70
31.70
31.70
31.70
31.70
31.70
31.70
31.70
31.70
31.60
31.60
31.60
31.60
31.60
31.60
31.60
31.60
31.60
31.60
31.60
31.60
31.60
31.60
31.60
31.60
31.60
31.60
31.60
31.60
31.50
31.50
31.50
31.50
31.50
31.50
31.50
31.50
31.50
31.50
31.50
31.50
31.50
31.40
31.40
31.40
31.40
31.40
31.40
31.40
31.40
31.40
31.40
31.40
31.40
31.40
31.30
31.30
31.30
31.30
31.30
31.30
31.30
31.30
31.30
31.30
31.30
31.30
31.30
31.20
31.20
31.20
31.20
31.20
31.20
31.20
31.20
31.20
31.20
31.20
31.20
31.20
31.20
31.20
31.20
31.20
31.20
44.50
44.50
44.50
44.50
44.50
44.50
44.50
44.50
44.50
44.50
44.50
44.50
44.50
43.60
43.60
43.60
43.60
43.60
43.60
43.60
43.60
43.60
43.60
43.60
43.60
43.60
43.10
43.10
43.10
43.10
43.10
43.10
43.10
43.10
43.10
43.10
43.10
43.10
43.10
42.80
42.80
42.80
42.80
42.80
42.80
42.80
42.80
42.80
42.80
42.80
42.80
42.80
42.60
42.60
42.60
42.60
42.60
42.60
42.60
42.60
42.60
42.60
42.60
42.60
42.60
42.50
42.50
42.50
42.50
42.50
42.50
42.50
42.50
42.50
42.50
42.50
42.50
42.50
42.40
42.40
42.40
42.40
42.40
42.40
42.40
42.40
42.40
42.40
42.40
42.40
42.40
42.30
42.30
42.30
42.30
42.30
42.30
42.30
42.30
42.30
42.30
42.30
42.30
42.30
42.20
42.20
42.20
42.20
42.20
42.20
42.20
42.20
42.20
42.20
42.20
42.20
42.20
42.10
42.10
42.10
42.10
42.10
42.10
42.10
42.10
42.10
42.10
42.10
42.10
42.10
41.90
41.90
41.90
41.90
41.90
41.90
41.90
41.90
41.90
41.90
41.90
41.90
41.90
41.80
41.80
41.80
41.80
41.80
41.80
41.80
41.80
41.80
41.80
41.80
41.80
41.80
41.70
41.70
41.70
41.70
41.70
41.70
41.70
41.70
41.70
41.70
41.70
41.70
41.70
41.60
41.60
41.60
41.60
41.60
41.60
41.60
41.60
41.60
41.60
41.60
41.60
41.60
41.40
41.40
41.40
41.40
41.40
41.40
41.40
41.40
41.40
41.40
41.40
41.40
41.40
41.30
41.30
41.30
41.30
41.30
41.30
41.30
41.30
41.30
41.30
41.30
41.30
41.30
41.20
41.20
41.20
41.20
41.20
41.20
41.20
41.20
41.20
41.20
41.20
41.20
41.20
41.10
41.10
41.10
41.10
41.10
41.10
41.10
41.10
41.10
41.10
41.10
41.10
41.10
41.00
41.00
41.00
41.00
41.00
41.00
41.00
41.00
41.00
41.00
41.00
41.00
41.00
40.90
40.90
40.90
40.90
40.90
40.90
40.90
40.90
40.90
40.90
40.90
40.90
40.90
40.80
40.80
40.80
40.80
40.80
40.80
40.80
40.80
40.80
40.80
40.80
40.80
40.80
40.70
40.70
40.70
40.70
40.70
40.70
40.70
40.70
40.70
40.70
40.70
40.70
40.70
40.70
40.70
40.70
40.70
40.70
40.70
40.70
40.70
40.70
40.70
40.70
40.70
40.70
40.60
40.60
40.60
40.60
40.60
40.60
40.60
40.60
40.60
40.60
40.60
40.60
40.60
40.50
40.50
40.50
40.50
40.50
40.50
40.50
40.50
40.50
40.50
40.50
40.50
40.50
40.40
40.40
40.40
40.40
40.40
40.40
40.40
40.40
40.40
40.40
40.40
40.40
40.40
40.30
40.30
40.30
40.30
40.30
40.30
40.30
40.30
40.30
40.30
40.30
40.30
40.30
40.20
40.20
40.20
40.20
40.20
40.20
40.20
40.20
40.20
40.20
40.20
40.20
40.20
40.20
40.20
40.20
40.20
40.20
40.20
40.20
40.20
40.20
40.20
40.20
40.20
40.20
40.10
40.10
40.10
40.10
40.10
40.10
40.10
40.10
40.10
40.10
40.10
40.10
40.10
40.10
40.10
40.10
40.10
40.10
40.10
40.10
40.10
40.10
40.10
40.10
40.10
40.10
40.10
40.10
40.10
40.10
40.10
40.10
40.10
40.10
40.10
40.10
40.10
40.10
40.10
40.00
40.00
40.00
40.00
40.00
40.00
40.00
40.00
40.00
40.00
40.00
40.00
40.00
40.00
40.00
40.00
40.00
40.00
40.00
40.00
40.00
40.00
40.00
40.00
40.00
40.00
39.90
39.90
39.90
39.90
39.90
39.90
39.90
39.90
39.90
39.90
39.90
39.90
39.80
39.80
39.80
39.80
39.80
39.80
39.80
39.80
39.80
39.80
39.80
39.80
39.60
39.60
39.60
39.60
39.60
39.60
39.60
39.60
39.60
39.60
39.60
39.60
39.60
39.50
39.50
39.50
39.50
39.50
39.50
39.50
39.50
39.50
39.50
39.50
39.50
39.50
39.40
39.40
39.40
39.40
39.40
39.40
39.40
39.40
39.40
39.40
39.40
39.40
39.40
39.30
39.30
39.30
39.30
39.30
39.30
39.30
39.30
39.30
39.30
39.30
39.30
39.30
39.20
39.20
39.20
39.20
39.20
39.20
39.20
39.20
39.20
39.20
39.20
39.20
39.20
39.10
39.10
39.10
39.10
39.10
39.10
39.10
39.10
39.10
39.10
39.10
39.10
39.10
39.00
39.00
39.00
39.00
39.00
39.00
39.00
39.00
39.00
39.00
39.00
39.00
39.00
38.90
38.90
38.90
38.90
38.90
38.90
38.90
38.90
38.90
38.90
38.90
38.90
38.90
38.80
38.80
38.80
38.80
38.80
38.80
38.80
38.80
38.80
38.80
38.80
38.80
38.80
38.70
38.70
38.70
38.70
38.70
38.70
38.70
38.70
38.70
38.70
38.70
38.70
38.70
38.70
38.70
38.70
38.70
38.70
38.70
38.70
38.70
38.70
38.70
38.70
38.70
38.70
38.70
38.70
38.70
38.70
38.70
38.70
38.70
38.70
38.70
38.70
38.70
38.70
38.70
38.60
38.60
38.60
38.60
38.60
38.60
38.60
38.60
38.60
38.60
38.60
38.50
38.50
38.50
38.50
38.50
38.50
38.50
38.50
38.50
38.50
38.50
38.50
38.50
38.40
38.40
38.40
38.40
38.40
38.40
38.40
38.40
38.40
38.40
38.40
38.40
38.40
38.20
38.20
38.20
38.20
38.20
38.20
38.20
38.20
38.20
38.20
38.20
38.20
38.20
38.10
38.10
38.10
38.10
38.10
38.10
38.10
38.10
38.10
38.10
38.10
38.10
38.10
38.00
38.00
38.00
38.00
38.00
38.00
38.00
38.00
38.00
38.00
38.00
38.00
38.00
37.90
37.90
37.90
37.90
37.90
37.90
37.90
37.90
37.90
37.90
37.90
37.90
37.90
37.90
37.90
37.90
37.90
37.90
37.90
37.90
37.90
37.90
37.90
37.90
37.90
37.90
37.80
37.80
37.80
37.80
37.80
37.80
37.80
37.80
37.80
37.80
37.80
37.80
37.80
37.80
37.80
37.80
37.80
37.80
37.80
37.80
37.80
37.80
37.80
37.80
37.80
37.80
37.70
37.70
37.70
37.70
37.70
37.70
37.70
37.70
37.70
37.70
37.70
37.70
37.70
37.70
37.70
37.70
37.70
37.70
37.70
37.70
37.70
37.70
37.70
37.70
37.70
37.70
37.70
37.70
37.70
37.70
37.70
37.70
37.70
37.70
37.70
37.70
37.70
37.70
37.70
37.60
37.60
37.60
37.60
37.60
37.60
37.60
37.60
37.60
37.60
37.60
37.60
37.60
37.60
37.60
37.60
37.60
37.60
37.60
37.60
37.60
37.60
37.60
37.60
37.60
37.60
37.50
37.50
37.50
37.50
37.50
37.50
37.50
37.50
37.50
37.50
37.50
37.50
37.50
37.50
37.50
37.50
37.50
37.50
37.50
37.50
37.50
37.50
37.50
37.50
37.50
37.50
37.40
37.40
37.40
37.40
37.40
37.40
37.40
37.40
37.40
37.40
37.40
37.40
37.40
37.30
37.30
37.30
37.30
37.30
37.30
37.30
37.30
37.30
37.30
37.30
37.30
37.30
37.20
37.20
37.20
37.20
37.20
37.20
37.20
37.20
37.20
37.20
37.20
37.20
37.20
37.10
37.10
37.10
37.10
37.10
37.10
37.10
37.10
37.10
37.10
37.10
37.10
37.10
37.00
37.00
37.00
37.00
37.00
37.00
37.00
37.00
37.00
37.00
37.00
37.00
37.00
36.90
36.90
36.90
36.90
36.90
36.90
36.90
36.90
36.90
36.90
36.90
36.90
36.90
36.80
36.80
36.80
36.80
36.80
36.80
36.80
36.80
36.80
36.80
36.80
36.80
36.80
36.80
36.80
36.80
36.80
36.80
36.80
36.80
36.80
36.80
36.80
36.80
36.80
36.80
36.60
36.60
36.60
36.60
36.60
36.60
36.60
36.60
36.60
36.60
36.60
36.60
36.60
36.60
36.60
36.60
36.60
36.60
36.60
36.60
36.60
36.60
36.60
36.60
36.60
36.60
36.50
36.50
36.50
36.50
36.50
36.50
36.50
36.50
36.50
36.50
36.50
36.50
36.50
36.40
36.40
36.40
36.40
36.40
36.40
36.40
36.40
36.40
36.40
36.40
36.40
36.40
36.30
36.30
36.30
36.30
36.30
36.30
36.30
36.30
36.30
36.30
36.30
36.30
36.30
36.20
36.20
36.20
36.20
36.20
36.20
36.20
36.20
36.20
36.20
36.20
36.20
36.20
36.10
36.10
36.10
36.10
36.10
36.10
36.10
36.10
36.10
36.10
36.10
36.10
36.10
36.00
36.00
36.00
36.00
36.00
36.00
36.00
36.00
36.00
36.00
36.00
36.00
36.00
35.90
35.90
35.90
35.90
35.90
35.90
35.90
35.90
35.90
35.90
35.90
35.90
35.90
35.80
35.80
35.80
35.80
35.80
35.80
35.80
35.80
35.80
35.80
35.80
35.80
35.80
35.70
35.70
35.70
35.70
35.70
35.70
35.70
35.70
35.70
35.70
35.70
35.70
35.70
35.50
35.50
35.50
35.50
35.50
35.50
35.50
35.50
35.50
35.50
35.50
35.50
35.50
35.40
35.40
35.40
35.40
35.40
35.40
35.40
35.40
35.40
35.40
35.40
35.40
35.40
35.30
35.30
35.30
35.30
35.30
35.30
35.30
35.30
35.30
35.30
35.30
35.30
35.30
35.20
35.20
35.20
35.20
35.20
35.20
35.20
35.20
35.20
35.20
35.20
35.20
35.20
35.10
35.10
35.10
35.10
35.10
35.10
35.10
35.10
35.10
35.10
35.10
35.10
35.10
35.00
35.00
35.00
35.00
35.00
35.00
35.00
35.00
35.00
35.00
35.00
35.00
35.00
34.90
34.90
34.90
34.90
34.90
34.90
34.90
34.90
34.90
34.90
34.90
34.90
34.90
34.70
34.70
34.70
34.70
34.70
34.70
34.70
34.70
34.70
34.70
34.70
34.70
34.70
34.70
34.70
34.70
34.70
34.70
34.70
34.70
34.70
34.70
34.70
34.70
34.70
34.70
34.60
34.60
34.60
34.60
34.60
34.60
34.60
34.60
34.60
34.60
34.60
34.60
34.60
34.50
34.50
34.50
34.50
34.50
34.50
34.50
34.50
34.50
34.50
34.50
34.50
34.50
34.40
34.40
34.40
34.40
34.40
34.40
34.40
34.40
34.40
34.40
34.40
34.40
34.40
34.30
34.30
34.30
34.30
34.30
34.30
34.30
34.30
34.30
34.30
34.30
34.30
34.30
34.20
34.20
34.20
34.20
34.20
34.20
34.20
34.20
34.20
34.20
34.20
34.20
34.20
34.10
34.10
34.10
34.10
34.10
34.10
34.10
34.10
34.10
34.10
34.10
34.10
34.10
34.00
34.00
34.00
34.00
34.00
34.00
34.00
34.00
34.00
34.00
34.00
34.00
34.00
33.90
33.90
33.90
33.90
33.90
33.90
33.90
33.90
33.90
33.90
33.90
33.90
33.90
33.80
33.80
33.80
33.80
33.80
33.80
33.80
33.80
33.80
33.80
33.80
33.80
33.80
33.70
33.70
33.70
33.70
33.70
33.70
33.70
33.70
33.70
33.70
33.70
33.70
33.70
33.70
33.70
33.70
33.70
33.70
33.70
33.70
33.70
33.70
33.70
33.60
33.60
33.60
33.60
33.60
33.60
33.60
33.60
33.60
33.60
33.60
33.60
33.60
33.40
33.40
33.40
33.40
33.40
33.40
33.40
33.40
33.40
33.40
33.40
33.40
33.40
33.30
33.30
33.30
33.30
33.30
33.30
33.30
33.30
33.30
33.30
33.30
33.30
33.30
33.20
33.20
33.20
33.20
33.20
33.20
33.20
33.20
33.20
33.20
33.20
33.20
33.20
33.10
33.10
33.10
33.10
33.10
33.10
33.10
33.10
33.10
33.10
33.10
33.10
33.10
33.00
33.00
33.00
33.00
33.00
33.00
33.00
33.00
33.00
33.00
33.00
33.00
33.00
32.90
32.90
32.90
32.90
32.90
32.90
32.90
32.90
32.90
32.90
32.90
32.90
32.90
32.90
32.90
32.90
32.90
32.90
32.90
32.90
32.90
32.90
32.90
32.90
32.90
32.90
32.80
32.80
32.80
32.80
32.80
32.80
32.80
32.80
32.80
32.80
32.80
32.80
32.80
32.70
32.70
32.70
32.70
32.70
32.70
32.70
32.70
32.70
32.70
32.70
32.70
32.70
32.60
32.60
32.60
32.60
32.60
32.60
32.60
32.60
32.60
32.60
32.60
32.60
32.60
32.50
32.50
32.50
32.50
32.50
32.50
32.50
32.50
32.50
32.50
32.50
32.50
32.50
32.50
32.50
32.50
32.50
32.50
32.50
32.50
32.50
32.50
32.50
32.50
32.50
32.50
32.40
32.40
32.40
32.40
32.40
32.40
32.40
32.40
32.40
32.40
32.40
32.40
32.40
32.30
32.30
32.30
32.30
32.30
32.30
32.30
32.30
32.30
32.30
32.30
32.30
32.30
32.20
32.20
32.20
32.20
32.20
32.20
32.20
32.20
32.20
32.20
32.20
32.20
32.20
32.10
32.10
32.10
32.10
32.10
32.10
32.10
32.10
32.10
32.10
32.10
32.10
32.10
32.00
32.00
32.00
32.00
32.00
32.00
32.00
32.00
32.00
32.00
32.00
32.00
32.00
31.90
31.90
31.90
31.90
31.90
31.90
31.90
31.90
31.90
31.90
31.90
31.90
31.90
31.80
31.80
31.80
31.80
31.80
31.80
31.80
31.80
31.80
31.80
31.80
31.80
31.80
31.70
31.70
31.70
31.70
31.70
31.70
31.70
31.70
31.70
31.70
31.70
31.70
31.70
31.60
31.60
31.60
31.60
31.60
31.60
31.60
31.60
31.60
31.60
31.60
31.60
31.60
31.50
31.50
31.50
31.50
31.50
31.50
31.50
31.50
31.50
31.50
31.50
31.50
31.50
31.50
31.50
31.50
31.50
31.50
31.50
31.50
31.50
31.50
31.50
31.50
31.50
31.50
31.40
31.40
31.40
31.40
31.40
31.40
31.40
31.40
31.40
31.40
31.40
31.40
31.40
31.30
31.30
31.30
31.30
31.30
31.30
31.30
31.30
31.30
31.30
31.30
31.30
31.30
31.20
31.20
31.20
31.20
31.20
31.20
31.20
31.20
31.20
31.20
31.20
31.20
31.20
31.10
31.10
31.10
31.10
31.10
31.10
31.10
31.10
31.10
31.10
31.10
31.10
31.10
31.10
31.10
31.10
31.10
31.10
31.10
31.10
31.10
31.10
31.10
31.10
31.10
31.10
31.00
31.00
31.00
31.00
31.00
31.00
31.00
31.00
31.00
31.00
31.00
31.00
31.00
30.90
30.90
30.90
30.90
30.90
30.90
30.90
30.90
30.90
30.90
30.90
30.90
30.90
30.80
30.80
30.80
30.80
30.80
30.80
30.80
30.80
30.80
30.80
30.80
30.80
30.80
30.70
30.70
30.70
30.70
30.70
30.70
30.70
30.70
30.70
30.70
30.70
30.70
30.70
30.70
30.70
30.70
30.70
30.70
30.70
30.70
30.70
30.70
30.70
30.70
30.70
30.70
30.60
30.60
30.60
30.60
30.60
30.60
30.60
30.60
30.60
30.60
30.60
30.60
30.60
30.50
30.50
30.50
30.50
30.50
30.50
30.50
30.50
30.50
30.50
30.50
30.50
30.50
30.50
30.50
30.50
30.50
30.50
30.50
30.50
30.50
30.50
30.50
30.50
30.50
30.50
30.40
30.40
30.40
30.40
30.40
30.40
30.40
30.40
30.40
30.40
30.40
30.40
30.40
30.30
30.30
30.30
30.30
30.30
30.30
30.30
30.30
30.30
30.30
30.30
30.30
30.30
30.20
30.20
30.20
30.20
30.20
30.20
30.20
30.20
30.20
30.20
30.20
30.10
30.10
30.10
30.10
30.10
30.10
30.10
30.10
30.10
30.10
30.10
30.10
30.10
30.10
30.10
30.10
30.10
30.10
30.10
30.10
30.10
30.10
30.00
30.00
30.00
30.00
30.00
30.00
30.00
30.00
30.00
30.00
30.00
30.00
30.00
29.90
29.90
29.90
29.90
29.90
29.90
29.90
29.90
29.90
29.90
29.90
29.90
29.90
29.80
29.80
29.80
29.80
29.80
29.80
29.80
29.80
29.80
29.80
29.80
29.80
29.80
29.70
29.70
29.70
29.70
29.70
29.70
29.70
29.70
29.70
29.70
29.70
29.70
29.70
29.70
29.70
29.70
29.70
29.70
29.70
29.70
29.70
29.70
29.70
29.70
29.70
29.70
29.60
29.60
29.60
29.60
29.60
29.60
29.60
29.60
29.60
29.60
29.60
29.60
29.60
29.50
29.50
29.50
29.50
29.50
29.50
29.50
29.50
29.50
29.50
29.50
29.50
29.50
29.40
29.40
29.40
29.40
29.40
29.40
29.40
29.40
29.40
29.40
29.40
29.40
29.40
29.30
29.30
29.30
29.30
29.30
29.30
29.30
29.30
29.30
29.30
29.30
29.30
29.30
29.20
29.20
29.20
29.20
29.20
29.20
29.20
29.20
29.20
29.20
29.20
29.20
29.20
29.10
29.10
29.10
29.10
29.10
29.10
29.10
29.10
29.10
29.10
29.10
29.10
29.10
29.10
29.10
29.10
29.10
29.10
29.10
29.10
29.10
29.10
29.10
29.10
29.10
29.10
29.00
29.00
29.00
29.00
29.00
29.00
29.00
29.00
29.00
29.00
29.00
29.00
29.00
28.90
28.90
28.90
28.90
28.90
28.90
28.90
28.90
28.90
28.90
28.90
28.90
28.90
28.80
28.80
28.80
28.80
28.80
28.80
28.80
28.80
28.80
28.80
28.80
28.80
28.80
28.70
28.70
28.70
28.70
28.70
28.70
28.70
28.70
28.70
28.70
28.70
28.70
28.70
28.70
28.70
28.70
28.70
28.70
28.70
28.70
28.70
28.70
28.70
28.70
28.70
28.70
28.60
28.60
28.60
28.60
28.60
28.60
28.60
28.60
28.60
28.60
28.60
28.60
28.60
28.60
28.60
28.60
28.60
28.60
28.60
28.60
28.60
28.60
28.60
28.60
28.60
28.60
28.60
28.60
28.60
28.60
28.60
28.60
28.60
28.60
28.60
28.60
28.60
28.60
28.60
28.50
28.50
28.50
28.50
28.50
28.50
28.50
28.50
28.50
28.50
28.50
28.50
28.50
28.40
28.40
28.40
28.40
28.40
28.40
28.40
28.40
28.40
28.40
28.40
28.40
28.40
28.40
28.40
28.40
28.40
28.40
28.40
28.40
28.40
28.40
28.40
28.40
28.40
28.40
28.30
28.30
28.30
28.30
28.30
28.30
28.30
28.30
28.30
28.30
28.30
28.30
28.30
28.30
28.30
28.30
28.30
28.30
28.30
28.30
28.30
28.30
28.30
28.30
28.30
28.30
28.20
28.20
28.20
28.20
28.20
28.20
28.20
28.20
28.20
28.20
28.20
28.20
28.20
28.10
28.10
28.10
28.10
28.10
28.10
28.10
28.10
28.10
28.10
28.10
28.10
28.10
28.00
28.00
28.00
28.00
28.00
28.00
28.00
28.00
28.00
28.00
28.00
28.00
28.00
28.00
28.00
28.00
28.00
28.00
28.00
28.00
28.00
28.00
28.00
28.00
28.00
28.00
27.90
27.90
27.90
27.90
27.90
27.90
27.90
27.90
27.90
27.90
27.90
27.90
27.90
27.80
27.80
27.80
27.80
27.80
27.80
27.80
27.80
27.80
27.80
27.80
27.80
27.80
27.80
27.80
27.80
27.80
27.80
27.80
27.80
27.80
27.80
27.80
27.80
27.80
27.80
27.70
27.70
27.70
27.70
27.70
27.70
27.70
27.70
27.70
27.70
27.70
27.70
27.70
27.70
27.70
27.70
27.70
27.70
27.70
27.70
27.70
27.70
27.70
27.70
27.70
27.70
27.60
27.60
27.60
27.60
27.60
27.60
27.60
27.60
27.60
27.60
27.60
27.60
27.60
27.50
27.50
27.50
27.50
27.50
27.50
27.50
27.50
27.50
27.50
27.50
27.50
27.50
27.50
27.50
27.50
27.50
27.50
27.50
27.50
27.50
27.50
27.50
27.50
27.50
27.50
27.50
27.50
27.50
27.50
27.50
27.50
27.50
27.50
27.50
27.50
27.50
27.50
27.50
27.40
27.40
27.40
27.40
27.40
27.40
27.40
27.40
27.40
27.40
27.40
27.40
27.40
27.30
27.30
27.30
27.30
27.30
27.30
27.30
27.30
27.30
27.30
27.30
27.30
27.30
27.30
27.30
27.30
27.30
27.30
27.30
27.30
27.30
27.30
27.30
27.30
27.30
27.30
27.20
27.20
27.20
27.20
27.20
27.20
27.20
27.20
27.20
27.20
27.20
27.20
27.20
27.20
27.20
27.20
27.20
27.20
27.20
27.20
27.20
27.20
27.20
27.20
27.20
27.20
27.10
27.10
27.10
27.10
27.10
27.10
27.10
27.10
27.10
27.10
27.10
27.10
27.10
27.00
27.00
27.00
27.00
27.00
27.00
27.00
27.00
27.00
27.00
27.00
27.00
27.00
27.00
27.00
27.00
27.00
27.00
27.00
27.00
27.00
27.00
27.00
27.00
27.00
27.00
27.00
27.00
27.00
27.00
27.00
27.00
27.00
27.00
27.00
27.00
27.00
27.00
27.00
26.90
26.90
26.90
26.90
26.90
26.90
26.90
26.90
26.90
26.90
26.90
26.90
26.90
26.80
26.80
26.80
26.80
26.80
26.80
26.80
26.80
26.80
26.80
26.80
26.80
26.80
26.70
26.70
26.70
26.70
26.70
26.70
26.70
26.70
26.70
26.70
26.70
26.70
26.70
26.70
26.70
26.70
26.70
26.70
26.70
26.70
26.70
26.70
26.70
26.70
26.70
26.70
26.60
26.60
26.60
26.60
26.60
26.60
26.60
26.60
26.60
26.60
26.60
26.60
26.60
26.60
26.60
26.60
26.60
26.60
26.60
26.60
26.60
26.60
26.60
26.60
26.60
26.60
26.50
26.50
26.50
26.50
26.50
26.50
26.50
26.50
26.50
26.50
26.50
26.50
26.50
26.50
26.50
26.50
26.50
26.50
26.50
26.50
26.50
26.50
26.50
26.50
26.50
26.50
26.40
26.40
26.40
26.40
26.40
26.40
26.40
26.40
26.40
26.40
26.40
26.40
26.40
26.40
26.40
26.40
26.40
26.40
26.40
26.40
26.40
26.40
26.40
26.40
26.40
26.40
26.30
26.30
26.30
26.30
60.70
60.70
60.70
60.70
60.70
60.70
60.70
60.70
60.70
60.70
60.70
60.70
60.70
61.10
61.10
61.10
61.10
61.10
61.10
61.10
61.10
61.10
61.10
61.10
61.10
61.10
60.80
60.80
60.80
60.80
60.80
60.80
60.80
60.80
60.80
60.80
60.80
60.80
60.80
60.70
60.70
60.70
60.70
60.70
60.70
60.70
60.70
60.70
60.70
60.70
60.70
60.70
60.50
60.50
60.50
60.50
60.50
60.50
60.50
60.50
60.50
60.50
60.50
60.50
60.50
60.40
60.40
60.40
60.40
60.40
60.40
60.40
60.40
60.40
60.40
60.40
60.40
60.40
60.30
60.30
60.30
60.30
60.30
60.30
60.30
60.30
60.30
60.30
60.30
60.30
60.30
60.10
60.10
60.10
60.10
60.10
60.10
60.10
60.10
60.10
60.10
60.10
60.10
60.10
60.00
60.00
60.00
60.00
60.00
60.00
60.00
60.00
60.00
60.00
60.00
59.90
59.90
59.90
59.90
59.90
59.90
59.90
59.90
59.90
59.90
59.90
59.90
59.60
59.60
59.60
59.60
59.60
59.60
59.60
59.60
59.60
59.60
59.60
59.60
59.60
59.40
59.40
59.40
59.40
59.40
59.40
59.40
59.40
59.40
59.40
59.40
59.40
59.40
59.20
59.20
59.20
59.20
59.20
59.20
59.20
59.20
59.20
59.20
59.20
59.20
59.20
59.10
59.10
59.10
59.10
59.10
59.10
59.10
59.10
59.10
59.10
59.10
59.10
59.10
58.90
58.90
58.90
58.90
58.90
58.90
58.90
58.90
58.90
58.90
58.90
58.90
58.90
58.80
58.80
58.80
58.80
58.80
58.80
58.80
58.80
58.80
58.80
58.80
58.80
58.80
58.80
58.80
58.80
58.80
58.80
58.80
58.80
58.80
58.80
58.80
58.80
58.80
58.80
58.80
58.80
58.80
58.80
58.80
58.80
58.80
58.80
58.80
58.80
58.80
58.80
58.80
58.80
58.80
58.80
58.80
58.80
58.80
58.80
58.80
58.80
58.80
58.80
58.80
58.80
58.80
58.80
58.80
58.80
58.80
58.80
58.80
58.80
58.80
58.80
58.80
58.80
58.80
58.90
58.90
58.90
58.90
58.90
58.90
58.90
58.90
58.90
58.90
58.90
58.90
58.90
58.80
58.80
58.80
58.80
58.80
58.80
58.80
58.80
58.80
58.80
58.80
58.80
58.80
58.80
58.80
58.80
58.80
58.80
58.80
58.80
58.80
58.80
58.80
58.80
58.80
58.80
58.70
58.70
58.70
58.70
58.70
58.70
58.70
58.70
58.70
58.70
58.70
58.70
58.70
58.60
58.60
58.60
58.60
58.60
58.60
58.60
58.60
58.60
58.60
58.60
58.60
58.60
58.50
58.50
58.50
58.50
58.50
58.50
58.50
58.50
58.50
58.50
58.50
58.50
58.50
58.40
58.40
58.40
58.40
58.40
58.40
58.40
58.40
58.40
58.40
58.40
58.40
58.40
58.30
58.30
58.30
58.30
58.30
58.30
58.30
58.30
58.30
58.30
58.30
58.30
58.30
58.20
58.20
58.20
58.20
58.20
58.20
58.20
58.20
58.20
58.20
58.20
58.20
58.20
58.10
58.10
58.10
58.10
58.10
58.10
58.10
58.10
58.10
58.10
58.10
58.10
58.10
58.00
58.00
58.00
58.00
58.00
58.00
58.00
58.00
58.00
58.00
58.00
58.00
58.00
58.00
58.00
58.00
58.00
58.00
58.00
58.00
58.00
58.00
58.00
58.00
58.00
58.00
57.90
57.90
57.90
57.90
57.90
57.90
57.90
57.90
57.90
57.90
57.90
57.90
57.90
57.90
57.90
57.90
57.90
57.90
57.90
57.90
57.90
57.90
57.90
57.90
57.90
57.90
57.80
57.80
57.80
57.80
57.80
57.80
57.80
57.80
57.80
57.80
57.80
57.80
57.80
57.80
57.80
57.80
57.80
57.80
57.80
57.80
57.80
57.80
57.80
57.80
57.80
57.80
57.60
57.60
57.60
57.60
57.60
57.60
57.60
57.60
57.60
57.60
57.60
57.60
57.60
57.50
57.50
57.50
57.50
57.50
57.50
57.50
57.50
57.50
57.50
57.50
57.50
57.50
57.30
57.30
57.30
57.30
57.30
57.30
57.30
57.30
57.30
57.30
57.30
57.30
57.30
57.20
57.20
57.20
57.20
57.20
57.20
57.20
57.20
57.20
57.20
57.20
57.20
57.20
57.10
57.10
57.10
57.10
57.10
57.10
57.10
57.10
57.10
57.10
57.10
57.10
57.10
56.90
56.90
56.90
56.90
56.90
56.90
56.90
56.90
56.90
56.90
56.90
56.90
56.90
56.80
56.80
56.80
56.80
56.80
56.80
56.80
56.80
56.80
56.80
56.80
56.80
56.80
56.60
56.60
56.60
56.60
56.60
56.60
56.60
56.60
56.60
56.60
56.60
56.60
56.60
56.40
56.40
56.40
56.40
56.40
56.40
56.40
56.40
56.40
56.40
56.40
56.40
56.40
56.20
56.20
56.20
56.20
56.20
56.20
56.20
56.20
56.20
56.20
56.20
56.20
56.20
56.00
56.00
56.00
56.00
56.00
56.00
56.00
56.00
56.00
56.00
56.00
56.00
56.00
56.00
56.00
56.00
56.00
56.00
56.00
56.00
56.00
56.00
56.00
56.00
56.00
56.00
56.00
56.00
56.00
56.00
56.00
56.00
56.00
56.00
56.00
56.00
56.00
56.00
56.00
55.90
55.90
55.90
55.90
55.90
55.90
55.90
55.90
55.90
55.90
55.90
55.90
55.90
55.90
55.90
55.90
55.90
55.90
55.90
55.90
55.90
55.90
55.90
55.90
55.90
55.90
55.80
55.80
55.80
55.80
55.80
55.80
55.80
55.80
55.80
55.80
55.80
55.80
55.80
55.70
55.70
55.70
55.70
55.70
55.70
55.70
55.70
55.70
55.70
55.70
55.70
55.70
55.70
55.70
55.70
55.70
55.70
55.70
55.70
55.70
55.70
55.70
55.70
55.70
55.70
55.60
55.60
55.60
55.60
55.60
55.60
55.60
55.60
55.60
55.60
55.60
55.60
55.60
55.50
55.50
55.50
55.50
55.50
55.50
55.50
55.50
55.50
55.50
55.50
55.50
55.50
55.40
55.40
55.40
55.40
55.40
55.40
55.40
55.40
55.40
55.40
55.40
55.40
55.40
55.20
55.20
55.20
55.20
55.20
55.20
55.20
55.20
55.20
55.20
55.20
55.20
55.20
55.10
55.10
55.10
55.10
55.10
55.10
55.10
55.10
55.10
55.10
55.10
55.10
55.10
55.00
55.00
55.00
55.00
55.00
55.00
55.00
55.00
55.00
55.00
55.00
55.00
55.00
55.00
55.00
55.00
55.00
55.00
55.00
55.00
55.00
55.00
55.00
55.00
55.00
55.00
54.90
54.90
54.90
54.90
54.90
54.90
54.90
54.90
54.90
54.90
54.90
54.90
54.90
54.70
54.70
54.70
54.70
54.70
54.70
54.70
54.70
54.70
54.70
54.70
54.70
54.70
54.60
54.60
54.60
54.60
54.60
54.60
54.60
54.60
54.60
54.60
54.60
54.60
54.60
54.50
54.50
54.50
54.50
54.50
54.50
54.50
54.50
54.50
54.50
54.50
54.50
54.50
54.40
54.40
54.40
54.40
54.40
54.40
54.40
54.40
54.40
54.40
54.40
54.40
54.40
54.30
54.30
54.30
54.30
54.30
54.30
54.30
54.30
54.30
54.30
54.30
54.30
54.30
54.20
54.20
54.20
54.20
54.20
54.20
54.20
54.20
54.20
54.20
54.20
54.20
54.20
54.10
54.10
54.10
54.10
54.10
54.10
54.10
54.10
54.10
54.10
54.10
54.10
54.10
54.00
54.00
54.00
54.00
54.00
54.00
54.00
54.00
54.00
54.00
54.00
54.00
54.00
53.90
53.90
53.90
53.90
53.90
53.90
53.90
53.90
53.90
53.90
53.90
53.90
53.90
53.90
53.90
53.90
53.90
53.90
53.90
53.90
53.90
53.90
53.90
53.90
53.90
53.90
53.70
53.70
53.70
53.70
53.70
53.70
53.70
53.70
53.70
53.70
53.70
53.70
53.70
53.70
53.70
53.70
53.70
53.70
53.70
53.70
53.70
53.70
53.70
53.70
53.70
53.70
53.60
53.60
53.60
53.60
53.60
53.60
53.60
53.60
53.60
53.60
53.60
53.60
53.60
53.40
53.40
53.40
53.40
53.40
53.40
53.40
53.40
53.40
53.40
53.40
53.40
53.40
53.30
53.30
53.30
53.30
53.30
53.30
53.30
53.30
53.30
53.30
53.30
53.30
53.30
53.20
53.20
53.20
53.20
53.20
53.20
53.20
53.20
53.20
53.20
53.20
53.20
53.20
53.10
53.10
53.10
53.10
53.10
53.10
53.10
53.10
53.10
53.10
53.10
53.10
53.10
52.90
52.90
52.90
52.90
52.90
52.90
52.90
52.90
52.90
52.90
52.90
52.90
52.90
52.70
52.70
52.70
52.70
52.70
52.70
52.70
52.70
52.70
52.70
52.70
52.70
52.70
52.50
52.50
52.50
52.50
52.50
52.50
52.50
52.50
52.50
52.50
52.50
52.50
52.50
52.20
52.20
52.20
52.20
52.20
52.20
52.20
52.20
52.20
52.20
52.20
52.20
52.20
52.00
52.00
52.00
52.00
52.00
52.00
52.00
52.00
52.00
52.00
52.00
52.00
52.00
51.70
51.70
51.70
51.70
51.70
51.70
51.70
51.70
51.70
51.70
51.70
51.70
51.70
51.50
51.50
51.50
51.50
51.50
51.50
51.50
51.50
51.50
51.50
51.50
51.50
51.50
51.20
51.20
51.20
51.20
51.20
51.20
51.20
51.20
51.20
51.20
51.20
51.20
51.20
51.00
51.00
51.00
51.00
51.00
51.00
51.00
51.00
51.00
51.00
51.00
51.00
51.00
50.80
50.80
50.80
50.80
50.80
50.80
50.80
50.80
50.80
50.80
50.80
50.80
50.80
50.60
50.60
50.60
50.60
50.60
50.60
50.60
50.60
50.60
50.60
50.60
50.60
50.60
50.40
50.40
50.40
50.40
50.40
50.40
50.40
50.40
50.40
50.40
50.40
50.40
50.40
50.30
50.30
50.30
50.30
50.30
50.30
50.30
50.30
50.30
50.30
50.30
50.30
50.30
50.10
50.10
50.10
50.10
50.10
50.10
50.10
50.10
50.10
50.10
50.10
50.10
50.10
50.00
50.00
50.00
50.00
50.00
50.00
50.00
50.00
50.00
50.00
50.00
50.00
50.00
49.80
49.80
49.80
49.80
49.80
49.80
49.80
49.80
49.80
49.80
49.80
49.80
49.80
49.70
49.70
49.70
49.70
49.70
49.70
49.70
49.70
49.70
49.70
49.70
49.70
49.70
49.60
49.60
49.60
49.60
49.60
49.60
49.60
49.60
49.60
49.60
49.60
49.60
49.60
49.50
49.50
49.50
49.50
49.50
49.50
49.50
49.50
49.50
49.50
49.50
49.50
49.50
49.40
49.40
49.40
49.40
49.40
49.40
49.40
49.40
49.40
49.40
49.40
49.40
49.40
49.30
49.30
49.30
49.30
49.30
49.30
49.30
49.30
49.30
49.30
49.30
49.30
49.30
49.30
49.30
49.30
49.30
49.30
49.30
49.30
49.30
49.30
49.30
49.30
49.30
49.30
49.20
49.20
49.20
49.20
49.20
49.20
49.20
49.20
49.20
49.20
49.20
49.20
49.20
49.10
49.10
49.10
49.10
49.10
49.10
49.10
49.10
49.10
49.10
49.10
49.10
49.10
49.00
49.00
49.00
49.00
49.00
49.00
49.00
49.00
49.00
49.00
49.00
49.00
49.00
48.90
48.90
48.90
48.90
48.90
48.90
48.90
48.90
48.90
48.90
48.90
48.90
48.90
48.80
48.80
48.80
48.80
48.80
48.80
48.80
48.80
48.80
48.80
48.80
48.80
48.80
48.70
48.70
48.70
48.70
48.70
48.70
48.70
48.70
48.70
48.70
48.70
48.70
48.70
48.60
48.60
48.60
48.60
48.60
48.60
48.60
48.60
48.60
48.60
48.60
48.60
48.60
48.40
48.40
48.40
48.40
48.40
48.40
48.40
48.40
48.40
48.40
48.40
48.40
48.40
48.30
48.30
48.30
48.30
48.30
48.30
48.30
48.30
48.30
48.30
48.30
48.30
48.30
48.30
48.30
48.30
48.30
48.30
48.30
48.30
48.30
48.30
48.30
48.30
48.30
48.30
48.20
48.20
48.20
48.20
48.20
48.20
48.20
48.20
48.20
48.20
48.20
48.20
48.20
48.20
48.20
48.20
48.20
48.20
48.20
48.20
48.20
48.20
48.20
48.20
48.20
48.20
48.10
48.10
48.10
48.10
48.10
48.10
48.10
48.10
48.10
48.10
48.10
48.10
48.10
48.00
48.00
48.00
48.00
48.00
48.00
48.00
48.00
48.00
48.00
48.00
48.00
48.00
47.80
47.80
47.80
47.80
47.80
47.80
47.80
47.80
47.80
47.80
47.80
47.80
47.80
47.70
47.70
47.70
47.70
47.70
47.70
47.70
47.70
47.70
47.70
47.70
47.70
47.70
47.50
47.50
47.50
47.50
47.50
47.50
47.50
47.50
47.50
47.50
47.50
47.50
47.50
47.30
47.30
47.30
47.30
47.30
47.30
47.30
47.30
47.30
47.30
47.30
47.30
47.30
47.20
47.20
47.20
47.20
47.20
47.20
47.20
47.20
47.20
47.20
47.20
47.20
47.20
47.00
47.00
47.00
47.00
47.00
47.00
47.00
47.00
47.00
47.00
47.00
47.00
47.00
46.90
46.90
46.90
46.90
46.90
46.90
46.90
46.90
46.90
46.90
46.90
46.90
46.90
46.70
46.70
46.70
46.70
46.70
46.70
46.70
46.70
46.70
46.70
46.70
46.70
46.70
46.60
46.60
46.60
46.60
46.60
46.60
46.60
46.60
46.60
46.60
46.60
46.60
46.60
46.50
46.50
46.50
46.50
46.50
46.50
46.50
46.50
46.50
46.50
46.50
46.50
46.50
46.40
46.40
46.40
46.40
46.40
46.40
46.40
46.40
46.40
46.40
46.40
46.40
46.40
46.30
46.30
46.30
46.30
46.30
46.30
46.30
46.30
46.30
46.30
46.30
46.30
46.30
46.20
46.20
46.20
46.20
46.20
46.20
46.20
46.20
46.20
46.20
46.20
46.20
46.20
46.00
46.00
46.00
46.00
46.00
46.00
46.00
46.00
46.00
46.00
46.00
46.00
46.00
45.90
45.90
45.90
45.90
45.90
45.90
45.90
45.90
45.90
45.90
45.90
45.90
45.90
45.70
45.70
45.70
45.70
45.70
45.70
45.70
45.70
45.70
45.70
45.70
45.70
45.70
45.60
45.60
45.60
45.60
45.60
45.60
45.60
45.60
45.60
45.60
45.60
45.60
45.50
45.50
45.50
45.50
45.50
45.50
45.50
45.50
45.50
45.50
45.50
45.50
45.50
45.40
45.40
45.40
45.40
45.40
45.40
45.40
45.40
45.40
45.40
45.40
45.40
45.40
45.30
45.30
45.30
45.30
45.30
45.30
45.30
45.30
45.30
45.30
45.30
45.30
45.30
45.30
45.30
45.30
45.30
45.30
45.30
45.30
45.30
45.30
45.30
45.30
45.30
45.30
45.20
45.20
45.20
45.20
45.20
45.20
45.20
45.20
45.20
45.20
45.20
45.20
45.20
45.20
45.20
45.20
45.20
45.20
45.20
45.20
45.20
45.20
45.20
45.20
45.20
45.20
45.20
45.20
45.20
45.20
45.20
45.20
45.20
45.20
45.20
45.20
45.20
45.20
45.20
45.10
45.10
45.10
45.10
45.10
45.10
45.10
45.10
45.10
45.10
45.10
45.10
45.10
45.00
45.00
45.00
45.00
45.00
45.00
45.00
45.00
45.00
45.00
45.00
45.00
45.00
44.90
44.90
44.90
44.90
44.90
44.90
44.90
44.90
44.90
44.90
44.90
44.90
44.90
44.90
44.90
44.90
44.90
44.90
44.90
44.90
44.90
44.90
44.90
44.90
44.90
44.90
44.80
44.80
44.80
44.80
44.80
44.80
44.80
44.80
44.80
44.80
44.80
44.80
44.80
44.70
44.70
44.70
44.70
44.70
44.70
44.70
44.70
44.70
44.70
44.60
44.60
44.60
44.60
44.60
44.60
44.60
44.40
44.40
44.40
44.40
44.40
44.40
44.40
44.40
44.40
44.40
44.40
44.40
44.40
44.20
44.20
44.20
44.20
44.20
44.20
44.20
44.20
44.20
44.20
44.20
44.20
44.20
44.10
44.10
44.10
44.10
44.10
44.10
44.10
44.10
44.10
44.10
44.10
44.10
44.10
44.00
44.00
44.00
44.00
44.00
44.00
44.00
44.00
44.00
44.00
44.00
44.00
44.00
43.80
43.80
43.80
43.80
43.80
43.80
43.80
43.80
43.80
43.80
43.80
43.80
43.80
43.70
43.70
43.70
43.70
43.70
43.70
43.70
43.70
43.70
43.70
43.70
43.70
43.70
43.50
43.50
43.50
43.50
43.50
43.50
43.50
43.50
43.50
43.50
43.50
43.50
43.50
43.40
43.40
43.40
43.40
43.40
43.40
43.40
43.40
43.40
43.40
43.40
43.40
43.40
43.30
43.30
43.30
43.30
43.30
43.30
43.30
43.30
43.30
43.30
43.30
43.30
43.30
43.20
43.20
43.20
43.20
43.20
43.20
43.20
43.20
43.20
43.20
43.20
43.20
43.20
43.00
43.00
43.00
43.00
43.00
43.00
43.00
43.00
43.00
43.00
43.00
43.00
43.00
42.90
42.90
42.90
42.90
42.90
42.90
42.90
42.90
42.90
42.90
42.90
42.90
42.90
42.80
42.80
42.80
42.80
42.80
42.80
42.80
42.80
42.80
42.80
42.80
42.80
42.80
42.80
42.80
42.80
42.80
42.80
42.80
42.80
42.80
42.80
42.80
42.80
42.70
42.70
42.70
42.70
42.70
42.70
42.70
42.70
42.70
42.70
42.70
42.70
42.70
42.70
42.70
42.70
42.70
42.70
42.70
42.70
42.70
42.70
42.70
42.70
42.70
42.70
42.60
42.60
42.60
42.60
42.60
42.60
42.60
42.60
42.60
42.60
42.60
42.60
42.60
42.50
42.50
42.50
42.50
42.50
42.50
42.50
42.50
42.50
42.50
42.50
42.50
42.50
42.30
42.30
42.30
42.30
42.30
42.30
42.30
42.30
42.30
42.30
42.30
42.30
42.30
42.20
42.20
42.20
42.20
42.20
42.20
42.20
42.20
42.20
42.20
42.20
42.20
42.20
42.10
42.10
42.10
42.10
42.10
42.10
42.10
42.10
42.10
42.10
42.10
42.10
42.10
41.90
41.90
41.90
41.90
41.90
41.90
41.90
41.90
41.90
41.90
41.90
41.90
41.90
41.80
41.80
41.80
41.80
41.80
41.80
41.80
41.80
41.80
41.80
41.80
41.80
41.80
41.80
41.80
41.80
41.80
41.80
41.80
41.80
41.80
41.80
41.80
41.80
41.80
41.80
41.70
41.70
41.70
41.70
41.70
41.70
41.70
41.70
41.70
41.70
41.70
41.70
41.70
41.60
41.60
41.60
41.60
41.60
41.60
41.60
41.60
41.60
41.60
41.60
41.60
41.60
41.50
41.50
41.50
41.50
41.50
41.50
41.50
41.50
41.50
41.50
41.50
41.40
41.40
41.40
41.40
41.40
41.40
41.40
41.40
41.40
41.40
41.40
41.40
41.40
41.30
41.30
41.30
41.30
41.30
41.30
41.30
41.30
41.30
41.30
41.30
41.30
41.30
41.20
41.20
41.20
41.20
41.20
41.20
41.20
41.20
41.20
41.20
41.20
41.20
41.20
41.10
41.10
41.10
41.10
41.10
41.10
41.10
41.10
41.10
41.10
41.10
41.10
41.10
41.00
41.00
41.00
41.00
41.00
41.00
41.00
41.00
41.00
41.00
41.00
41.00
41.00
40.80
40.80
40.80
40.80
40.80
40.80
40.80
40.80
40.80
40.80
40.80
40.80
40.80
40.60
40.60
40.60
40.60
40.60
40.60
40.60
40.60
40.60
40.60
40.60
40.60
40.60
40.40
40.40
40.40
40.40
40.40
40.40
40.40
40.40
40.40
40.40
40.40
40.40
40.40
40.40
40.40
40.40
40.40
40.40
40.40
40.40
40.40
40.40
40.40
40.40
40.40
40.40
40.40
40.40
40.40
40.40
40.40
40.40
40.40
40.40
40.40
40.40
40.40
40.40
40.40
40.50
40.50
40.50
40.50
40.50
40.50
40.50
40.50
40.50
40.50
40.50
40.50
40.50
40.40
40.40
40.40
40.40
40.40
40.40
40.40
40.40
40.40
40.40
40.40
40.40
40.40
40.30
40.30
40.30
40.30
40.30
40.30
40.30
40.30
40.30
40.30
40.30
40.30
40.30
40.30
40.30
40.30
40.30
40.30
40.30
40.30
40.30
40.30
40.30
40.30
40.30
40.30
40.20
40.20
40.20
40.20
40.20
40.20
40.20
40.20
40.20
40.20
40.20
40.20
40.20
40.10
40.10
40.10
40.10
40.10
40.10
40.10
40.10
40.10
40.10
40.10
40.10
40.10
40.10
40.10
40.10
40.10
40.10
40.10
40.10
40.10
40.10
40.10
40.10
40.10
40.10
40.00
40.00
40.00
40.00
40.00
40.00
40.00
40.00
40.00
40.00
40.00
40.00
40.00
39.90
39.90
39.90
39.90
39.90
39.90
39.90
39.90
39.90
39.90
39.90
39.90
39.90
39.70
39.70
39.70
39.70
39.70
39.70
39.70
39.70
39.70
39.70
39.70
39.70
39.70
39.60
39.60
39.60
39.60
39.60
39.60
39.60
39.60
39.60
39.60
39.60
39.60
39.60
39.50
39.50
39.50
39.50
39.50
39.50
39.50
39.50
39.50
39.50
39.50
39.50
39.50
39.30
39.30
39.30
39.30
39.30
39.30
39.30
39.30
39.30
39.30
39.30
39.30
39.30
39.20
39.20
39.20
39.20
39.20
39.20
39.20
39.20
39.20
39.20
39.20
39.20
39.20
39.10
39.10
39.10
39.10
39.10
39.10
39.10
39.10
39.10
39.10
39.10
39.10
39.10
38.90
38.90
38.90
38.90
38.90
38.90
38.90
38.90
38.90
38.90
38.90
38.90
38.90
38.70
38.70
38.70
38.70
38.70
38.70
38.70
38.70
38.70
38.70
38.70
38.70
38.70
38.60
38.60
38.60
38.60
38.60
38.60
38.60
38.60
38.60
38.60
38.60
38.60
38.60
38.50
38.50
38.50
38.50
38.50
38.50
38.50
38.50
38.50
38.50
38.50
38.50
38.50
38.40
38.40
38.40
38.40
38.40
38.40
38.40
38.40
38.40
38.40
38.40
38.40
38.40
38.30
38.30
38.30
38.30
38.30
38.30
38.30
38.30
38.30
38.30
38.30
38.30
38.30
38.20
38.20
38.20
38.20
38.20
38.20
38.20
38.20
38.20
38.20
38.20
38.20
38.20
38.20
38.20
38.20
38.20
38.20
38.20
38.20
38.20
38.20
38.20
38.20
38.20
38.20
38.20
38.20
38.20
38.20
38.20
38.20
38.20
38.20
38.20
38.20
38.20
38.20
38.20
38.10
38.10
38.10
38.10
38.10
38.10
38.10
38.10
38.10
38.10
38.10
38.10
38.10
38.10
38.10
38.10
38.10
38.10
38.10
38.10
38.10
38.10
38.10
38.10
38.10
38.10
38.00
38.00
38.00
38.00
38.00
38.00
38.00
38.00
38.00
38.00
38.00
38.00
38.00
37.90
37.90
37.90
37.90
37.90
37.90
37.90
37.90
37.90
37.90
37.90
37.90
37.90
37.80
37.80
37.80
37.80
37.80
37.80
37.80
37.80
37.80
37.80
37.80
37.80
37.80
37.70
37.70
37.70
37.70
37.70
37.70
37.70
37.70
37.70
37.70
37.70
37.70
37.70
37.50
37.50
37.50
37.50
37.50
37.50
37.50
37.50
37.40
37.40
37.40
37.40
37.40
37.40
37.40
37.40
37.40
37.40
37.40
37.40
37.40
37.30
37.30
37.30
37.30
37.30
37.30
37.30
37.30
37.30
37.30
37.30
37.30
37.30
37.20
37.20
37.20
37.20
37.20
37.20
37.20
37.20
37.20
37.20
37.20
37.20
37.20
37.10
37.10
37.10
37.10
37.10
37.10
37.10
37.10
37.10
37.10
37.10
37.10
37.10
37.10
37.10
37.10
37.10
37.10
37.10
37.10
37.10
37.10
37.10
37.10
37.10
37.10
37.10
37.10
37.10
37.10
37.10
37.10
37.10
37.10
37.10
37.10
37.10
37.10
37.10
37.10
37.10
37.10
37.10
37.10
37.10
37.10
37.10
37.10
37.10
37.10
37.10
37.10
37.10
37.10
37.10
37.10
37.10
37.10
37.10
37.10
37.10
37.10
37.10
37.10
37.10
37.10
37.10
37.10
37.10
37.10
37.10
37.10
37.10
37.10
37.10
37.10
37.10
37.10
37.10
37.10
37.10
37.10
37.10
37.10
37.10
37.10
37.10
37.10
37.10
37.10
37.10
37.20
37.20
37.20
37.20
37.20
37.20
37.20
37.20
37.20
37.20
37.20
37.20
37.20
37.20
37.20
37.20
37.20
37.20
37.20
37.20
37.20
37.20
37.20
37.20
37.20
37.20
37.20
37.20
37.20
37.20
37.20
37.20
37.20
37.20
37.20
37.20
37.20
37.20
37.20
37.10
37.10
37.10
37.10
37.10
37.10
37.10
37.10
37.10
37.10
37.10
37.10
37.10
37.10
37.10
37.10
37.10
37.10
37.10
37.10
37.10
37.10
37.10
37.10
37.10
37.10
37.10
37.10
37.10
37.10
37.10
37.10
37.10
37.10
37.10
37.10
37.10
37.00
37.00
37.00
37.00
37.00
37.00
37.00
37.00
37.00
37.00
37.00
37.00
37.00
36.90
36.90
36.90
36.90
36.90
36.90
36.90
36.90
36.90
36.90
36.90
36.90
36.90
36.80
36.80
36.80
36.80
36.80
36.80
36.80
36.80
36.80
36.80
36.80
36.80
36.80
36.70
36.70
36.70
36.70
36.70
36.70
36.70
36.70
36.70
36.70
36.70
36.70
36.60
36.60
36.60
36.60
36.60
36.60
36.60
36.60
36.60
36.60
36.60
36.60
36.60
36.50
36.50
36.50
36.50
36.50
36.50
36.50
36.50
36.50
36.50
36.50
36.50
36.50
36.40
36.40
36.40
36.40
36.40
36.40
36.40
36.40
36.40
36.40
36.40
36.40
36.40
36.40
36.40
36.40
36.40
36.40
36.40
36.40
36.40
36.40
36.40
36.40
36.40
36.40
36.30
36.30
36.30
36.30
36.30
36.30
36.30
36.30
36.30
36.30
36.30
36.30
36.30
36.20
36.20
36.20
36.20
36.20
36.20
36.20
36.20
36.20
36.20
36.20
36.20
36.20
36.10
36.10
36.10
36.10
36.10
36.10
36.10
36.10
36.10
36.10
36.10
36.10
36.10
35.90
35.90
35.90
35.90
35.90
35.90
35.90
35.90
35.90
35.90
35.90
35.90
35.90
35.90
35.90
35.90
35.90
35.90
35.90
35.90
35.90
35.90
35.90
35.90
35.90
35.90
35.90
35.90
35.90
35.90
35.90
35.90
35.90
35.90
35.90
35.90
35.90
36.00
36.00
36.00
36.00
36.00
36.00
36.00
36.00
36.00
36.00
36.00
36.00
36.00
36.10
36.10
36.10
36.10
36.10
36.10
36.10
36.10
36.10
36.10
36.10
36.10
36.10
36.10
36.10
36.10
36.10
36.10
36.10
36.10
36.10
36.10
36.10
36.10
36.10
36.10
36.10
36.10
36.10
36.10
36.10
36.10
36.10
36.10
36.10
36.10
36.10
36.10
36.10
36.00
36.00
36.00
36.00
36.00
36.00
36.00
36.00
36.00
36.00
36.00
36.00
36.00
36.00
36.00
36.00
36.00
36.00
36.00
36.00
36.00
36.00
36.00
36.00
36.00
36.00
35.80
35.80
35.80
35.80
35.80
35.80
35.80
35.80
35.80
35.80
35.80
35.80
35.80
35.70
35.70
35.70
35.70
35.70
35.70
35.70
35.70
35.70
35.70
35.70
35.70
35.70
35.70
35.70
35.70
35.70
35.70
35.70
35.70
35.70
35.70
35.70
35.70
35.70
35.60
35.60
35.60
35.60
35.60
35.60
35.60
35.60
35.60
35.60
35.60
35.60
35.60
35.60
35.60
35.60
35.60
35.60
35.60
35.60
35.60
35.60
35.60
35.60
35.60
35.60
35.50
35.50
35.50
35.50
35.50
35.50
35.50
35.50
35.50
35.50
35.50
35.50
35.50
35.50
35.50
35.50
35.50
35.50
35.50
35.50
35.50
35.50
35.50
35.50
35.40
35.40
35.40
35.40
35.40
35.40
35.40
35.40
35.40
35.40
35.40
35.40
35.40
35.30
35.30
35.30
35.30
35.30
35.30
35.30
35.30
35.30
35.30
35.30
35.30
35.30
35.20
35.20
35.20
35.20
35.20
35.20
35.20
35.20
35.20
35.20
35.20
35.20
35.20
35.00
35.00
35.00
35.00
35.00
35.00
35.00
35.00
35.00
35.00
35.00
35.00
35.00
34.90
34.90
34.90
34.90
34.90
34.90
34.90
34.90
34.90
34.90
34.90
34.90
34.90
34.80
34.80
34.80
34.80
34.80
34.80
34.80
34.80
34.80
34.80
34.80
34.80
34.80
34.80
34.80
34.80
34.80
34.80
34.80
34.80
34.80
34.80
34.80
34.80
34.80
34.80
34.80
34.80
34.80
34.80
34.80
34.80
34.80
34.80
34.80
34.80
34.80
34.80
34.70
34.70
34.70
34.70
34.70
34.70
34.70
34.70
34.70
34.70
34.70
34.70
34.70
34.70
34.70
34.70
34.70
34.70
34.70
34.70
34.70
34.70
34.70
34.70
34.70
34.70
34.70
34.70
34.70
34.70
34.70
34.70
34.70
34.70
34.70
34.70
34.70
34.70
34.70
34.70
34.70
34.70
34.70
34.70
34.70
34.70
34.70
34.70
34.70
34.70
34.70
34.70
34.70
34.70
34.70
34.70
34.70
34.70
34.70
34.70
34.70
34.70
34.70
34.70
34.70
34.70
34.70
34.70
34.70
34.70
34.70
34.70
34.70
34.70
34.70
34.70
34.70
34.70
34.70
34.70
34.70
34.70
34.70
34.70
34.70
34.70
34.70
34.70
34.70
34.70
34.70
34.70
34.70
34.70
34.70
34.70
34.70
34.70
34.70
34.70
34.70
34.70
34.70
34.70
34.70
34.70
34.70
34.70
34.70
34.70
34.70
34.70
34.70
34.70
34.70
34.70
34.70
34.70
34.70
34.70
34.70
34.70
34.70
34.70
34.70
34.70
34.70
34.70
34.70
34.70
34.70
34.70
34.70
34.70
34.70
34.70
34.70
34.70
34.70
34.70
34.70
34.70
34.70
34.70
34.70
34.70
34.70
34.70
34.70
34.70
34.70
34.70
34.70
34.60
34.60
34.60
34.60
34.60
34.60
34.60
34.60
34.60
34.60
34.60
34.60
34.60
34.50
34.50
34.50
34.50
34.50
34.50
34.50
34.50
34.50
34.50
34.50
34.50
34.40
34.40
34.40
34.40
34.40
34.40
34.40
34.40
34.40
34.40
34.40
34.40
34.40
34.40
34.40
34.40
34.40
34.40
34.40
34.40
34.40
34.40
34.40
34.40
34.40
34.40
34.30
34.30
34.30
34.30
34.30
34.30
34.30
34.30
34.30
34.30
34.30
34.30
34.30
34.20
34.20
34.20
34.20
34.20
34.20
34.20
34.20
34.20
34.20
34.20
34.20
34.10
34.10
34.10
34.10
34.10
34.10
34.10
34.10
34.10
34.10
34.10
34.10
34.10
34.10
34.10
34.10
34.10
34.10
34.10
34.10
34.10
34.10
34.10
34.10
34.10
34.10
34.00
34.00
34.00
34.00
34.00
34.00
34.00
34.00
34.00
34.00
34.00
34.00
34.00
34.00
34.00
34.00
34.00
34.00
34.00
34.00
34.00
34.00
34.00
34.00
34.00
34.00
34.00
34.00
34.00
34.00
34.00
34.00
34.00
34.00
34.00
34.00
34.00
34.00
34.00
34.00
34.00
34.00
34.00
34.00
34.00
34.00
34.00
34.00
34.00
34.00
34.00
34.00
34.00
34.00
34.00
34.00
34.00
34.00
34.00
34.00
34.00
34.00
34.00
34.00
34.00
34.00
34.00
34.00
34.00
34.00
34.00
34.00
34.00
34.00
34.00
34.00
34.00
34.00
34.00
34.00
34.00
34.00
34.00
34.00
34.00
34.00
34.00
34.00
34.00
34.00
34.00
34.00
34.00
34.00
34.00
34.00
34.00
34.00
34.00
34.00
34.00
34.00
34.00
33.90
33.90
33.90
33.90
33.90
33.90
33.90
33.90
33.90
33.90
33.90
33.90
33.90
33.90
33.90
33.90
33.90
33.90
33.90
33.90
33.90
33.90
33.90
33.90
33.90
33.90
33.90
33.90
33.90
33.90
33.90
33.90
33.90
33.90
33.90
33.90
33.90
33.90
33.90
33.80
33.80
33.80
33.80
33.80
33.80
33.80
33.80
33.80
33.80
33.80
33.80
33.80
33.80
33.80
33.80
33.80
33.80
33.80
33.80
33.80
33.70
33.70
33.70
33.70
33.70
33.70
33.70
33.70
33.70
33.70
33.70
33.70
33.70
33.70
33.70
33.70
33.70
33.70
33.70
33.70
33.70
33.70
33.70
33.70
33.70
33.70
33.60
33.60
33.60
33.60
33.60
33.60
33.60
33.60
33.60
33.60
33.60
33.60
33.60
33.50
33.50
33.50
33.50
33.50
33.50
33.50
33.50
33.50
33.50
33.50
33.50
33.50
33.40
33.40
33.40
33.40
33.40
33.40
33.40
33.40
33.40
33.40
33.40
33.40
33.40
33.40
33.40
33.40
33.40
33.40
33.40
33.40
33.40
33.40
33.40
33.40
33.40
33.20
33.20
33.20
33.20
33.20
33.20
33.20
33.20
33.20
33.20
33.20
33.20
33.20
33.20
33.20
33.20
33.20
33.20
33.20
33.20
33.20
33.20
33.20
33.20
33.20
33.20
33.10
33.10
33.10
33.10
33.10
33.10
33.10
33.10
33.10
33.10
33.10
33.10
33.00
33.00
33.00
33.00
33.00
33.00
33.00
33.00
33.00
33.00
33.00
33.00
33.00
33.00
33.00
33.00
33.00
33.00
33.00
33.00
33.00
33.00
33.00
33.00
33.00
33.00
32.90
32.90
32.90
32.90
32.90
32.90
32.90
32.90
32.90
32.90
32.90
32.90
32.90
32.80
32.80
32.80
32.80
32.80
32.80
32.80
32.80
32.80
32.80
32.80
32.80
32.80
32.80
32.80
32.80
32.80
32.80
32.80
32.80
32.80
32.80
32.80
32.80
32.80
32.70
32.70
32.70
32.70
32.70
32.70
32.70
32.70
32.70
32.70
32.70
32.70
32.70
32.80
32.80
32.80
32.80
32.80
32.80
32.80
32.80
32.80
32.80
32.80
32.80
32.80
32.70
32.70
32.70
32.70
32.70
32.70
32.70
32.70
32.70
32.70
32.70
32.70
32.70
32.60
32.60
32.60
32.60
32.60
32.60
32.60
32.60
32.60
32.60
32.60
32.60
32.60
32.60
32.60
32.60
32.60
32.60
32.60
32.60
32.60
32.60
32.60
32.60
32.60
32.60
32.70
32.70
32.70
32.70
32.70
32.70
32.70
32.70
32.70
32.70
32.70
32.70
32.70
32.70
32.70
32.70
32.70
32.70
32.70
32.70
32.70
32.70
32.70
32.70
32.70
32.70
32.70
32.70
32.70
32.70
32.70
32.70
32.70
32.70
32.70
32.70
32.70
32.70
32.70
32.70
32.70
32.70
32.70
32.70
32.70
32.70
32.70
32.70
32.70
32.70
32.70
32.70
32.70
32.70
32.70
32.70
32.70
32.70
32.70
32.70
32.70
32.70
32.70
32.70
32.60
32.60
32.60
32.60
32.60
32.60
32.60
32.60
32.60
32.60
32.60
32.60
32.60
32.60
32.60
32.60
32.60
32.60
32.60
32.60
32.60
32.60
32.60
32.60
32.60
32.60
32.50
32.50
32.50
32.50
32.50
32.50
32.50
32.50
32.50
32.50
32.50
32.50
32.40
32.40
32.40
32.40
32.40
32.40
32.40
32.40
32.40
32.40
32.40
32.40
32.40
32.40
32.40
32.40
32.40
32.40
32.40
32.40
32.40
32.40
32.40
32.40
32.40
32.40
32.30
32.30
32.30
32.30
32.30
32.30
32.30
32.30
32.30
32.30
32.30
32.30
32.30
32.30
32.30
32.30
32.30
32.30
32.30
32.30
32.30
32.30
32.30
32.30
32.30
32.30
32.30
32.30
32.30
32.30
32.30
32.30
32.30
32.30
32.30
32.30
32.30
32.30
32.30
32.30
32.30
32.30
32.30
32.30
32.30
32.30
32.30
32.30
32.30
32.30
32.30
32.30
32.30
32.30
32.30
32.30
32.30
32.30
32.30
32.30
32.30
32.30
32.30
32.30
32.30
32.30
32.30
32.30
32.30
32.30
32.30
32.30
32.30
32.30
32.30
32.30
32.30
32.30
32.30
32.30
32.30
32.30
32.30
32.30
32.30
32.30
32.30
32.30
32.30
32.30
32.30
32.30
32.30
32.30
32.30
32.30
32.30
32.30
32.30
32.30
32.30
32.30
32.30
32.30
32.30
32.30
32.30
32.30
32.30
32.30
32.30
32.30
32.30
32.30
32.30
32.30
32.20
32.20
32.20
32.20
32.20
32.20
32.20
32.20
32.20
32.20
32.20
32.20
32.20
32.30
32.30
32.30
32.30
32.30
32.30
32.30
32.30
32.30
32.30
32.30
32.30
32.20
32.20
32.20
32.20
32.20
32.20
32.20
32.20
32.20
32.20
32.20
32.20
32.20
32.20
32.20
32.20
32.20
32.20
32.20
32.20
32.20
32.20
32.20
32.20
32.20
32.20
32.20
32.20
32.20
32.20
32.20
32.20
32.20
32.20
32.20
32.20
32.20
32.20
32.20
32.20
32.20
32.20
32.20
32.20
32.20
32.20
32.20
32.20
32.20
32.20
32.20
32.20
32.20
32.20
32.20
32.20
32.20
32.20
32.20
32.20
32.20
32.20
32.20
32.20
32.20
32.20
32.20
32.20
32.20
32.20
32.20
32.20
32.20
32.20
32.20
32.20
32.20
32.20
32.20
32.20
32.20
32.20
32.20
32.20
32.20
32.20
32.20
32.20
32.20
32.10
32.10
32.10
32.10
32.10
32.10
32.10
32.10
32.10
32.10
32.10
32.10
32.10
32.10
32.10
32.10
32.10
32.10
32.10
32.10
32.10
32.10
32.10
32.10
32.10
32.10
32.00
32.00
32.00
32.00
32.00
32.00
32.00
32.00
32.00
32.00
32.00
32.00
32.00
31.90
31.90
31.90
31.90
31.90
31.90
31.90
31.90
31.90
31.90
31.90
31.90
31.90
32.00
32.00
32.00
32.00
32.00
32.00
32.00
32.00
32.00
32.00
32.00
32.00
32.00
32.10
32.10
32.10
32.10
32.10
32.10
32.10
32.10
32.10
32.10
32.10
32.10
32.10
32.10
32.10
32.10
32.10
32.10
32.10
32.10
32.10
32.10
32.10
32.10
32.10
32.10
32.10
32.10
32.10
32.10
32.10
32.10
32.10
32.10
32.10
32.00
32.00
32.00
32.00
32.00
32.00
32.00
32.00
32.00
32.00
32.00
32.00
32.00
31.90
31.90
31.90
31.90
31.90
31.90
31.90
31.90
31.90
31.90
31.90
31.90
31.90
31.80
31.80
31.80
31.80
31.80
31.80
31.80
31.80
31.80
31.80
31.80
31.80
31.80
31.80
31.80
31.80
31.80
31.80
31.80
31.80
31.80
31.80
31.80
31.80
31.80
31.80
31.80
31.80
31.80
31.80
31.80
31.80
31.80
31.80
31.80
31.80
31.80
31.80
31.80
31.80
31.80
31.80
31.80
31.80
31.80
31.80
31.80
31.80
31.80
31.80
31.80
31.80
31.70
31.70
31.70
31.70
31.70
31.70
31.70
31.70
31.70
31.70
31.70
31.70
31.70
31.70
31.70
31.70
31.70
31.70
31.70
31.70
31.70
31.70
31.70
31.70
31.70
31.70
31.70
31.70
31.70
31.70
31.70
31.70
31.70
31.70
31.70
31.70
31.70
31.70
31.70
31.70
31.70
31.70
31.70
31.70
31.70
31.70
31.70
31.70
31.70
31.70
31.70
31.70
31.70
31.70
31.70
31.70
31.70
31.70
31.70
31.70
31.70
31.70
31.70
31.70
31.60
31.60
31.60
31.60
31.60
31.60
31.60
31.60
31.60
31.60
31.60
31.60
31.60
31.60
31.60
31.60
31.60
31.60
31.60
31.60
31.60
31.60
31.60
31.60
31.60
31.50
31.50
31.50
31.50
31.50
31.50
31.50
31.50
31.50
31.50
31.50
31.50
31.50
31.50
31.50
31.50
31.50
31.50
31.50
31.50
31.50
31.50
31.50
31.50
31.50
31.50
31.50
31.50
31.50
31.50
31.50
31.50
31.50
31.50
31.50
31.50
31.50
31.50
31.50
31.40
31.40
31.40
31.40
31.40
31.40
31.40
31.40
31.40
31.40
31.40
31.40
31.40
31.40
31.40
31.40
31.40
31.40
31.40
31.40
31.40
31.40
31.40
31.40
31.40
31.40
31.40
31.40
31.40
31.40
31.40
31.40
31.40
31.40
31.40
31.40
31.40
31.40
31.40
31.30
31.30
31.30
31.30
31.30
31.30
31.30
31.30
31.30
31.30
31.30
31.30
31.30
31.30
31.30
31.30
31.30
31.30
31.30
31.30
31.30
31.30
31.30
31.30
31.30
31.30
31.20
31.20
31.20
31.20
31.20
31.20
31.20
31.20
31.20
31.20
31.20
31.20
31.20
31.20
31.20
31.20
31.20
31.20
31.20
31.20
31.20
31.20
31.20
31.20
31.20
31.20
31.20
31.20
31.20
31.20
31.20
31.20
31.20
31.20
31.20
31.20
31.20
31.20
31.20
31.10
31.10
31.10
31.10
31.10
31.10
31.10
31.10
31.10
31.10
31.10
31.10
31.10
31.00
31.00
31.00
31.00
31.00
31.00
31.00
31.00
31.00
31.00
31.00
31.00
31.00
30.90
30.90
30.90
30.90
30.90
30.90
30.90
30.90
30.90
30.90
30.90
30.90
30.90
30.90
30.90
30.90
30.90
30.90
30.90
30.90
30.90
30.90
30.90
30.90
30.90
30.90
30.90
30.90
30.90
30.90
30.90
30.90
30.90
30.90
30.90
30.90
30.90
30.90
30.80
30.80
30.80
30.80
30.80
30.80
30.80
30.80
30.80
30.80
30.80
30.80
30.80
30.90
30.90
30.90
30.90
30.90
30.90
30.90
30.90
30.90
30.90
30.90
30.90
30.90
30.80
30.80
30.80
30.80
30.80
30.80
30.80
30.80
30.80
30.80
30.80
30.80
30.80
30.80
30.80
30.80
30.80
30.80
30.80
30.80
30.80
30.80
30.80
30.80
30.80
30.80
30.70
30.70
30.70
30.70
30.70
30.70
30.70
30.70
30.70
30.70
30.70
30.70
30.70
30.70
30.70
30.70
30.70
30.70
30.70
30.70
